39	-64	-79	-90	17	-92	64	45	95	-112	-96	-52	-12	-27	51	83	-68	115	-4	104	-70	76	-9	44	-18	-118	55	-17	-64	-58	-54	4	-13	-111	56	107	88	-114	-46	114	126	65	0	37	-55	93	-122	19	90	99	43	43	88	53	84	51	97	23	-3	-85	-74	40	-66	-37	-21	111	-126	-103	46	65	50	-115	-56	-67	23	-115	77	14	77	-114	90	104	82	56	123	-125	-88	-120	-62	59	-113	41	-83	-14	-37	-89	-127	-101	-112	38	-43	-12	78	-2	-11	-69	82	7	21	-38	-26	-95	-30	77	33	-120	-48	-82	95	-13	-60	-62	97	-58	-68	97	64	-52
-86	19	-110	69	82	-27	53	104	18	-81	-55	66	-49	-65	-39	98	77	-93	-17	110	-37	24	96	-18	3	-14	61	-96	31	53	-11	103	32	-6	-20	-122	-38	100	49	112	56	25	14	77	12	-103	123	-101	25	15	65	123	72	30	-98	98	-53	-61	52	-15	71	27	40	5	67	77	118	123	-101	79	-7	92	-49	99	-120	-7	-125	116	70	-9	35	-117	-73	107	99	67	-50	22	-58	7	-86	-80	24	37	119	-98	-61	114	52	-3	-73	37	79	115	-69	-43	-25	88	37	84	80	98	-9	119	-54	-30	-49	29	-71	-66	-25	116	-25	24	-79	-53	74	-51
45	-49	88	98	10	-67	90	81	125	-122	-90	-72	121	32	70	4	-76	118	100	102	99	82	69	-110	125	73	-63	-44	81	110	83	30	-13	-17	110	-10	-72	62	-107	63	24	-68	-36	-6	76	-87	-65	19	28	17	-4	-12	24	14	46	78	91	-15	123	-32	69	31	53	-9	-118	107	-120	-70	-82	38	39	79	-78	-48	-48	-37	58	-86	-106	49	-12	-113	-62	-122	-107	-85	106	-71	-11	-27	-115	-25	-68	31	-19	91	47	-82	65	119	63	64	86	22	-68	104	-16	-14	84	1	18	43	85	63	31	-1	-52	19	75	64	49	109	-113	98	126	80	113	-125
108	15	60	15	54	-125	-28	97	-106	-77	71	37	-60	126	28	-18	86	31	-127	-88	28	-13	22	20	-111	102	-62	114	21	-81	-121	-97	114	85	22	78	-123	-33	63	20	-15	-86	33	-80	-68	121	-3	-35	-12	-68	-116	44	98	-27	-104	124	-40	103	18	-2	59	-47	54	-92	-99	-76	-34	-58	-96	69	-120	18	-114	-23	-78	21	39	2	8	-114	-94	94	77	4	-100	66	-73	-38	11	62	22	-84	120	61	109	15	-61	80	17	15	-88	-2	27	58	-114	98	-65	-68	102	-122	109	103	8	98	-23	-47	69	11	47	-69	-90	112	-119	81	37	59	-27	57
121	-28	-69	-44	-54	-33	-69	65	-97	25	118	-5	-105	115	-44	29	-103	-68	11	65	-119	50	88	30	-76	-18	36	-63	-17	62	-20	96	-127	-54	38	-40	-29	74	-108	37	-45	-76	-104	-105	-62	115	122	-42	17	-128	20	42	27	68	45	-95	118	23	74	-25	-108	23	105	16	12	-112	12	38	-63	-47	2	-66	59	-47	60	-120	101	-14	0	14	78	-20	44	18	0	-87	83	59	32	103	52	-106	-50	79	122	-55	-45	-27	-93	-105	-6	90	-59	64	54	101	10	-52	-69	-10	85	-111	-71	-125	-118	23	-73	-102	-116	109	50	-111	107	-83	57	51	13	68
-7	24	-66	-22	65	-33	-103	-51	-29	-35	-44	-7	-88	-3	-39	54	76	98	74	7	-2	0	24	73	101	112	-62	-88	-58	121	83	80	96	-77	80	-19	-94	97	25	-2	100	-104	105	-97	-67	74	109	31	-92	77	-58	60	91	-59	61	-89	-40	75	-28	2	-120	-7	-14	-41	94	77	-92	-55	-12	109	-107	-94	86	-37	73	42	-28	55	-104	126	-94	12	-116	-76	9	91	18	-27	-5	-97	-58	-14	71	103	36	-88	-107	7	-20	-53	-103	-99	-115	-13	114	58	-90	8	-20	99	31	-44	-87	-56	54	-40	-19	0	99	30	115	114	96	84	83	-23	-27	40
-5	-105	61	-74	98	22	-62	26	109	101	-45	-120	8	46	84	-30	-70	16	-88	-116	-119	125	-56	-44	55	-110	-1	92	82	117	66	8	-38	22	18	-99	-57	82	104	91	103	92	-21	95	110	-91	111	-92	-77	99	-92	-16	59	49	-78	-16	-28	15	57	64	-53	98	23	-38	30	51	52	5	-15	-4	-5	121	55	118	3	96	-29	90	52	65	-57	127	-66	-71	-70	-69	5	45	91	56	-120	-15	62	-53	-66	-64	124	90	119	-63	94	-28	-83	-14	-85	-116	-45	73	-106	52	76	40	85	1	-40	111	64	70	-1	-35	-51	68	74	-46	22	39	-103	-7
81	-7	43	-30	-58	65	-10	57	41	-33	43	-53	-46	-96	-69	39	38	-33	70	66	-11	-28	-83	24	53	-19	44	116	-28	-66	-24	-16	-109	79	124	-93	94	-88	84	-67	-106	56	106	-104	42	-57	29	27	-42	46	-57	115	-105	43	-70	73	50	-65	1	116	-33	-38	-88	104	12	5	115	92	-20	26	-7	-5	-116	43	122	68	112	-50	126	31	-116	-111	-44	-60	-68	73	29	66	44	113	7	-122	107	86	110	-29	-102	15	-85	-88	70	-18	1	-86	70	-5	-31	119	-3	123	63	29	-64	-97	50	36	54	-12	-21	54	-17	-47	-6	36	74	-42	6	113
78	29	26	-121	-30	49	52	108	5	68	-88	-53	-59	70	-73	-108	-73	-89	-112	-46	122	-79	-89	-53	-41	0	-47	51	-127	-104	-40	-51	125	76	88	-128	-42	51	-117	-91	87	18	15	74	118	-13	29	-33	-117	65	8	-123	-7	13	84	54	22	-96	20	40	68	-111	25	-96	-54	-39	-4	29	12	64	76	-103	-119	-123	-86	-104	102	-96	-49	72	117	-36	57	72	-115	27	84	-22	-78	8	-108	-80	-77	-73	-68	-72	-29	-28	56	69	-43	59	32	-45	69	7	68	-53	93	-24	-11	-87	-95	99	111	46	-116	-11	-71	-12	-91	-15	-38	21	86	-89	77	127
69	100	-70	23	-112	-122	-83	123	40	42	18	-3	-90	-49	-71	-55	5	32	73	-93	-110	-126	60	102	93	-52	-50	74	-64	-103	-43	7	52	8	-51	56	-63	-59	-127	-61	-127	-29	41	57	-61	-86	-100	-99	-62	95	119	-106	-33	60	-113	-70	-5	-95	48	-121	40	71	-94	10	-66	-65	-42	48	8	-38	103	44	53	-1	100	77	67	77	119	80	-5	43	27	-29	-87	55	-11	-61	111	-90	-117	9	-113	-91	-26	29	113	-55	-25	62	-18	-4	-30	86	-90	120	-119	-74	-5	-73	59	16	76	22	-5	52	-73	-118	12	7	-48	116	-87	-59	-78	23	20	76
40	-82	83	116	-1	-89	95	-50	11	-30	-125	42	-30	-14	6	11	35	-52	11	29	-54	84	-85	22	-121	109	-125	1	-85	-125	-60	-70	13	-34	-89	-18	-4	22	-67	106	-103	-42	83	-112	-114	24	124	-46	42	-107	115	27	-86	6	22	12	-126	121	-30	-61	107	85	-62	-12	-6	125	11	-99	-77	-99	123	-26	68	-48	78	-23	48	-68	-113	107	-45	64	84	56	42	-87	21	3	-117	40	-45	59	87	-122	24	-6	49	-94	-72	-82	-111	91	51	-40	-9	-94	46	-28	-110	-111	102	-86	-95	115	-122	8	-1	92	18	92	-84	29	49	45	-67	-75	-119	86
-107	-31	85	47	50	-40	55	114	51	-99	-45	83	-59	84	-13	2	-76	10	-6	-96	-67	47	-15	87	28	120	-20	40	-63	-7	-49	-30	21	71	21	44	42	108	6	-35	-11	-107	-80	-28	26	106	83	54	85	78	-37	3	53	114	-72	-3	92	-49	-118	82	89	71	56	-73	-35	-56	95	0	86	-89	-93	-92	-51	-26	108	-125	-8	-78	-100	-49	43	34	85	-124	54	-115	91	-4	-122	-81	105	85	29	49	-102	59	115	67	-50	33	-68	-59	65	-114	-100	96	36	30	-19	-95	-47	39	-124	12	-99	65	46	42	-31	-25	22	-102	102	79	-87	80	-40	18
-59	65	97	-68	-58	-87	0	22	15	30	-43	-34	-95	79	-88	9	-78	-70	121	91	-22	-93	39	-32	-74	-99	82	12	90	25	-27	106	-59	121	-55	41	-49	127	-98	8	-73	108	75	65	58	-23	40	17	-41	-86	-34	-81	-102	95	-54	33	52	107	-103	-17	-53	-75	73	108	-68	-76	118	38	24	-126	-30	-12	3	50	-127	7	122	-64	-106	17	124	-18	56	73	83	105	-58	12	60	-85	-127	93	-114	35	-128	-56	-30	-107	34	-118	13	-74	-33	12	83	55	44	-52	9	86	57	-39	-78	-70	75	92	114	4	-126	86	53	54	-89	-7	-90	102	-106	-120
0	-95	105	98	85	59	-6	-8	-87	33	120	-54	-69	-47	28	101	109	-66	-124	-25	-58	-111	-61	-26	46	-2	123	54	63	79	111	-9	109	14	53	-101	59	101	59	72	-39	83	-27	75	95	-39	8	49	63	-105	18	33	-96	-50	-80	-104	30	-88	-80	34	-22	103	52	-19	-35	121	34	62	121	-26	85	13	98	104	-70	107	-75	-121	-87	38	76	115	-3	-1	-123	-95	-63	-102	33	-19	42	-106	78	30	46	126	-112	95	-39	-54	-24	-32	89	-104	-1	-48	31	97	-92	-100	23	-105	-51	-107	-117	83	19	-12	56	49	109	105	28	-51	49	-79	80	67
110	66	-113	89	22	-53	59	69	35	45	-106	-127	48	-101	-19	126	81	34	-118	19	-57	-6	-91	-126	-96	97	-15	-88	-73	-120	44	117	-49	-9	39	61	-92	124	-28	-119	90	45	52	60	37	-25	80	-97	23	115	1	7	101	-33	58	49	5	-78	-18	89	-9	-127	-86	-75	16	59	-16	-64	-42	-66	-40	81	110	45	63	55	-58	-44	99	127	-124	-20	-98	39	-107	119	-101	109	68	-93	56	-114	-28	-107	-67	-101	-8	92	-35	-111	-69	-112	-107	71	-24	51	42	45	-108	-24	-69	77	-48	120	-32	-19	-69	3	-125	28	-52	2	-66	69	110	86	74	-83
-99	-23	3	25	64	117	-100	-61	84	-40	-49	-46	11	-105	-33	-19	107	-46	54	-101	45	-107	66	-4	44	91	82	31	2	-61	113	123	96	-125	-82	59	-7	65	-107	102	-65	105	-107	-36	10	69	72	20	-34	-28	104	74	-18	53	84	98	-108	18	56	-34	116	80	79	-25	-112	-64	43	-110	115	19	-58	102	-106	-73	-26	-126	71	-105	-77	-106	-56	85	82	3	51	-125	-83	-63	-81	96	-40	9	-61	64	-23	-113	9	39	-91	101	-11	24	-106	1	123	7	-43	-103	-70	-19	-97	-51	68	-91	98	98	116	80	72	89	78	116	115	49	-47	-109	-88	2
-30	-46	-52	3	-119	99	37	-77	-65	32	26	52	-16	27	113	21	74	61	-77	13	110	-15	-48	-124	73	15	-70	-65	80	-29	82	12	-38	-24	111	-68	-20	-87	-120	107	67	-66	12	86	23	27	-21	-37	-119	93	110	44	-43	11	-8	82	-2	26	-18	24	102	26	-16	-86	97	121	-128	0	28	-43	-53	71	-7	70	-33	67	-96	89	-93	71	120	-37	74	97	-7	39	-88	-99	-41	68	36	43	-99	-10	-119	60	102	106	13	116	42	-100	96	15	25	-25	58	39	-18	-25	15	-8	115	105	-51	48	-71	34	-80	127	121	63	91	-125	125	115	85	-95
110	32	-82	80	-82	-11	-109	44	36	25	-74	6	-73	28	-60	-32	35	-57	41	-64	-106	-113	118	-83	67	12	68	-127	-61	-68	61	52	31	12	-23	-107	-64	0	-44	-11	-84	124	127	27	79	10	-97	-85	34	69	-91	-83	-86	-128	65	-33	53	79	-32	-79	-2	-38	-20	-11	-25	-103	25	8	-47	-3	-35	84	-27	-66	79	-21	4	-97	115	-90	-92	-107	-120	35	117	-24	-93	-84	116	-112	-99	-127	126	-32	44	-119	-82	-83	-78	-97	74	-79	72	49	-101	-6	-27	-8	110	13	39	105	-17	17	-105	1	14	-14	80	-19	31	29	97	85	-21	-54	-77	-45
25	-110	54	-52	44	-17	122	-27	-25	60	3	92	37	-128	-48	103	-105	-36	92	69	90	79	-71	-59	-40	26	60	54	15	53	3	80	-82	-47	113	-32	80	-41	-20	-67	-15	56	-34	-45	-63	-77	5	66	126	90	18	-71	70	15	-17	108	56	-74	98	76	69	-9	-99	112	-51	-80	16	7	-21	-50	-29	18	-113	-37	-73	-31	47	-9	58	-6	-110	6	-69	4	72	-1	119	103	67	-34	45	123	56	48	-34	-90	-125	-78	26	84	-112	8	-92	71	112	-120	-54	117	-32	-57	71	40	66	-42	114	64	44	101	74	120	-125	32	3	22	-104	7	34	-34
-65	3	-118	70	-111	49	-60	110	92	-102	33	116	40	90	-67	82	17	27	-47	-115	-73	22	108	127	-124	-7	116	-93	93	96	-24	56	125	-98	117	-95	6	-89	45	90	65	69	115	76	-21	-10	24	-74	122	42	-32	-11	26	13	8	-24	65	8	123	28	75	-17	-126	61	-16	-41	2	101	-15	-48	-119	102	74	121	25	-28	16	-64	35	-54	3	-21	75	-21	-76	-81	119	43	123	55	69	17	-72	77	65	-125	-100	124	114	80	106	2	34	-30	-115	-46	70	125	79	-62	7	31	-47	-87	28	-56	-119	-47	-77	-23	18	-9	32	-5	-109	15	88	-11
-21	19	-69	90	-119	-119	-103	11	14	-42	-128	68	-78	-26	-24	85	-80	7	123	-71	106	-91	-27	-50	36	91	-54	-59	85	-43	65	71	-128	-65	-22	-75	65	125	-62	85	78	-72	100	91	-114	-120	-100	123	101	-88	-106	7	110	-117	-26	9	-53	124	-94	122	28	-66	20	-114	-56	15	106	3	-86	-105	31	35	50	5	82	-54	23	-70	-66	71	123	-118	-42	125	54	89	106	84	42	-54	-68	84	-84	119	120	19	-28	-45	26	-124	106	48	105	-34	85	96	-6	-14	-30	52	-81	-8	98	-125	-56	-81	8	98	5	54	-60	31	16	-27	-104	-88	95	68
-36	-26	-88	9	120	-99	-4	35	72	53	-116	-107	77	-59	104	-122	91	74	-108	-83	-104	-101	50	-74	69	8	-68	-123	-69	118	111	-105	99	-121	4	-33	24	113	69	-16	-54	83	89	58	-13	26	-24	120	51	-84	12	-116	51	117	-44	-77	61	-82	62	-96	-42	-55	-120	-65	-46	-122	-22	81	82	-47	85	97	74	37	83	62	27	-3	-98	-25	-125	-87	42	79	-57	-81	-75	-33	61	88	-58	-84	-25	47	15	-19	53	-61	125	-98	-59	-36	28	101	-79	17	112	100	24	31	23	-86	100	-85	-117	81	70	-120	24	-78	-72	-69	23	47	-68	-39	58	-35
-70	94	-33	-21	-41	-86	-121	-27	45	-113	67	37	29	-60	-70	-52	75	-75	116	124	-106	-84	-23	-60	28	123	-2	-85	-55	33	-83	127	33	-106	0	5	106	-74	102	-48	-5	-82	-71	59	110	-86	119	61	126	41	88	-12	-106	-29	96	-107	-55	122	-106	-85	102	87	7	57	-67	7	76	-90	-107	-18	-100	19	-80	55	-27	21	67	45	-63	-87	44	105	11	118	-26	81	-64	25	-6	7	-31	-43	126	-9	-119	-17	-27	41	87	120	-14	24	-38	48	38	-108	-61	108	66	90	85	82	-20	-106	124	14	-61	-36	-92	113	-48	10	-85	-25	-93	69	33	108
36	-9	-76	-76	-74	75	-20	2	-4	-95	-13	-102	-19	-19	-41	62	105	4	-63	40	106	48	-72	-71	-106	-89	-80	-80	59	118	81	-79	-96	54	-5	-11	65	-76	-15	31	-77	-6	-63	32	-122	-63	122	-105	72	-63	21	-49	8	100	-49	96	87	-24	-56	103	-10	-27	-120	63	120	98	-33	-70	-31	127	87	57	-47	40	11	-82	-33	81	105	98	-85	117	-32	-82	35	-6	57	-15	89	87	-86	28	89	88	-62	-58	-41	-73	-122	123	-69	34	117	87	-39	80	-14	90	99	74	115	7	74	53	-56	54	61	-93	22	-37	31	-42	82	61	-86	-77	-104	-106
35	34	-96	88	118	-53	-112	92	-64	-119	-49	21	8	-66	62	122	-111	16	125	76	-55	102	-30	-68	-126	1	108	-10	68	91	-107	32	-96	-63	94	51	-32	61	70	-32	18	119	-127	-94	-4	102	-28	107	-61	23	-58	127	-66	50	-101	-109	127	-89	89	-30	28	103	-7	119	102	-45	29	-84	29	32	61	-83	-36	24	43	127	90	-34	-126	-118	-50	-66	35	-66	-87	31	-43	51	-9	112	-124	38	-80	-44	28	-121	126	47	108	-40	-52	29	-24	3	22	32	-16	-23	65	61	-55	88	63	86	58	-3	-47	10	93	13	-123	-72	-47	-78	98	-92	-2	-125
34	115	-81	47	-14	49	-32	86	51	8	111	-60	84	-26	-68	25	-106	-101	29	-63	48	16	86	49	22	-126	-120	-126	82	-86	-78	-16	59	-98	8	102	-107	-91	-86	-79	43	-123	98	-26	31	105	68	-39	-72	40	-6	48	-15	-47	-103	122	107	57	-70	-71	31	112	-7	-9	-73	-55	-7	-91	-105	3	3	-97	-120	113	44	-108	-30	-32	-90	-19	-56	96	-24	-77	-55	-83	-18	99	-106	57	-128	31	-29	-42	104	35	61	30	-128	47	-95	-123	44	36	-69	35	-88	17	-62	-15	-81	80	-61	34	54	-117	-33	-112	93	-119	-128	-64	-44	86	-36	-55	36	34
-4	69	84	-122	66	92	-76	-120	32	69	-30	-124	-19	110	1	14	-54	-128	-13	-126	-52	58	42	-7	-122	-126	-68	-11	-46	-86	119	-44	65	-14	54	-10	-51	49	-122	-57	-31	-84	127	72	-102	-31	-92	44	123	-103	52	-104	-31	-109	127	112	116	68	96	-25	-54	-33	92	-112	23	55	-5	-24	-32	45	5	-97	-46	23	-92	-92	-56	-77	47	-128	-1	73	34	109	47	-26	104	-110	-3	-4	58	-103	-97	106	-21	121	-125	-72	-52	68	-89	108	23	-26	-19	14	-114	43	48	47	-40	109	85	104	-60	-52	106	-7	68	64	-128	-49	64	-17	-110	3	-59	-1
-115	94	65	54	49	70	107	-108	40	124	-125	88	90	79	-31	-61	91	58	-127	-112	117	13	71	-6	-76	-60	-52	-39	-66	13	28	1	44	-105	-10	91	42	117	74	35	78	98	-67	-56	-35	64	-119	81	21	104	-44	97	-40	-69	-125	59	-109	-75	-39	-39	-13	10	117	-67	89	-11	-15	-29	-107	-101	-91	-72	38	9	102	53	54	19	-94	37	28	-122	67	13	101	57	-37	-70	104	-29	101	-19	89	-26	-28	-28	-61	77	-73	-122	88	63	-64	105	72	64	-10	20	-5	27	-110	-28	0	5	-103	23	-11	-119	-13	52	45	19	30	-106	76	-44	49	-21
93	-20	108	-120	118	-34	87	-101	69	94	63	62	125	-121	-47	-24	-6	41	121	-124	30	-41	-25	43	57	-39	22	-124	-60	-73	-65	30	1	-4	75	-100	72	-39	-70	43	64	78	-53	-19	-61	-116	-68	102	-15	6	-103	126	94	51	-38	-46	13	-65	108	15	-83	-1	-48	91	1	101	68	-34	98	47	-99	-94	86	-91	74	-34	-121	65	92	-20	102	-29	121	36	-23	-54	-50	14	68	58	11	-75	66	19	121	-54	26	-111	40	-79	-10	-12	-110	47	-67	18	80	-15	121	45	-26	64	-119	66	27	-15	-12	-31	-116	-124	-78	62	16	-104	-11	37	74	-66
-20	42	-59	20	-55	33	-53	65	-73	-30	-117	75	-120	-124	46	-83	34	-26	59	100	-29	-47	-32	-107	-77	13	78	45	-11	-102	-120	-37	118	-122	126	-73	78	-30	-120	89	-74	48	12	71	71	-118	19	-31	-124	-17	-113	69	-88	35	-124	31	-4	-123	-67	-85	59	-30	83	8	87	37	113	-75	-34	-63	-113	51	-9	127	33	-116	-116	-37	43	109	41	-23	-90	-19	50	44	21	97	-114	-100	58	63	68	51	79	-114	52	52	33	-11	25	-33	103	-9	-34	23	124	-127	-12	62	103	-58	-76	88	38	-90	106	-93	21	-79	42	27	-113	26	-43	-18	-123	-72
-123	117	67	-72	-120	-119	97	108	22	-11	-20	-50	105	23	88	-86	28	-85	-25	26	-21	-103	37	-3	-127	88	-21	-12	-94	126	-6	-4	68	42	-67	50	-64	73	114	-62	8	-59	-34	80	-68	-72	-37	73	103	37	-127	-80	-93	32	-109	41	-106	22	-24	-7	5	-33	88	94	-14	-72	-65	60	25	126	83	114	16	-42	83	95	-123	127	85	26	15	14	88	47	-79	27	57	-1	-14	17	-117	48	-117	-122	-14	29	-36	-43	1	67	-51	-15	11	-104	-31	52	126	42	-116	85	-104	74	-19	84	87	65	-111	-98	-116	-91	-48	126	8	93	96	63	81	-38
81	-127	94	-36	-58	-115	-43	-28	-122	-114	-11	46	-87	31	97	-96	73	-8	77	-126	112	-16	-70	33	40	81	-84	47	47	-100	-66	-108	66	100	49	74	116	83	-124	46	81	-4	-38	65	46	101	107	-31	-7	63	38	-54	10	32	-82	-32	107	-98	54	124	-55	80	-110	24	96	30	20	-6	-53	-4	-104	125	91	120	50	48	24	126	-40	-108	28	-59	62	-2	-56	-91	-111	-119	101	-114	6	51	116	-13	-87	32	44	46	-16	106	-80	58	-126	40	-27	-51	-92	77	-109	63	-32	53	17	49	10	-4	-81	1	37	-59	-90	50	50	-20	-44	104	-105	47
86	-53	-5	-11	-45	65	-110	-15	-15	-89	-64	6	-70	-36	40	-88	97	94	-96	72	27	-90	105	-123	-62	7	94	117	82	24	102	0	65	111	98	-56	60	-34	-43	81	-60	-12	-94	11	62	-117	-103	-75	22	-51	20	83	41	92	-119	87	-124	89	-42	-85	90	57	117	-122	75	19	-78	-116	-63	91	93	117	21	-61	72	75	54	-14	-96	29	-63	-121	110	121	-54	-103	98	-49	38	56	0	1	68	-14	8	-100	41	-58	97	98	30	-78	-58	-62	-99	-109	62	-82	87	-30	-41	122	-67	-112	-16	-30	-37	-112	-13	109	64	50	-49	71	-92	42	1	-95
59	-50	50	-119	80	17	58	-90	-122	-116	118	-50	15	92	-46	-81	-59	85	-91	-82	-101	-9	-84	-98	71	79	97	-10	-22	20	90	11	-11	93	49	10	3	-58	-60	51	-119	124	-89	-82	61	48	-96	20	41	-128	108	31	-44	100	-112	-7	69	-101	21	-1	-19	85	-89	-47	83	-100	-77	-25	-69	-77	112	110	-121	-61	93	18	43	10	84	-120	-94	75	-21	82	-97	-11	-26	-89	-91	27	46	52	42	-71	-3	92	41	24	-18	-117	-16	17	-51	-113	9	70	-60	-20	-65	92	-12	-126	-119	18	3	-92	28	-61	61	48	23	-105	68	-81	86	-36	52	66
-39	-120	-33	120	-106	-49	109	17	121	-28	-26	124	-93	20	112	124	-114	127	-12	-12	-67	117	66	106	-20	-63	-77	-68	84	72	125	90	-8	-66	-15	9	-59	-77	49	-107	57	71	11	-111	-99	63	-60	7	-74	127	57	35	75	-112	46	61	96	91	-48	32	-46	89	-104	34	6	-20	22	122	34	-10	-22	55	-95	111	52	63	-112	52	13	-20	114	65	87	69	29	-121	-10	-103	59	78	5	-73	-112	-53	102	-81	-100	-97	34	-91	-34	-71	99	120	28	-76	101	14	-58	29	125	65	-7	93	-7	-60	-80	-1	123	-9	-123	66	53	10	-110	-63	105	30
48	-101	-70	41	12	-88	75	11	94	79	85	-67	61	-33	-19	127	-51	-85	-40	86	8	-105	80	-87	-38	66	114	-77	-35	5	49	-5	-92	-50	-73	75	55	23	109	-126	-116	-89	5	-43	-100	76	77	-76	-58	42	102	-7	10	31	25	20	124	-67	30	-56	-62	-9	116	-52	64	28	-32	-64	33	122	120	-114	-104	-99	116	-116	88	88	83	87	-121	-84	-86	122	-117	-37	-94	91	-15	-33	43	-13	6	7	6	-36	-60	-62	106	6	-81	26	-45	124	-114	-54	43	35	81	-26	-94	16	126	-128	26	103	-114	76	-76	-28	118	56	42	53	-62	63	121	-108
80	-74	72	-59	-91	-77	-11	58	-126	-48	6	121	7	120	-2	123	25	110	-68	-92	-94	108	4	-66	120	100	108	-34	117	-83	42	81	-95	-111	6	-62	-94	-115	27	-30	-32	73	-116	-39	99	-107	59	-118	110	-71	82	-101	-7	73	83	-117	-14	92	47	-28	76	110	44	48	-18	14	-3	76	-101	-39	28	-90	14	79	13	-34	94	-105	103	-53	60	-33	-115	36	80	-32	-122	-40	104	112	68	-55	30	-12	-121	-57	-62	-16	-29	85	64	98	46	-73	27	-14	77	46	-119	9	47	73	34	-36	-15	58	-32	105	8	-1	106	-69	-110	0	80	120	-70	29
58	-124	21	-73	-1	58	40	71	-17	48	70	13	-128	-50	-110	-46	-16	18	-18	54	-55	-11	-68	-70	-1	-76	-21	2	-70	-40	-59	-78	-10	83	57	40	-118	100	-12	-127	-55	-4	-100	-99	97	38	126	62	-51	-127	83	38	41	123	95	69	43	121	-38	-86	-39	109	8	-89	-113	77	-36	80	-81	-3	112	81	-10	-116	31	2	64	-68	72	76	109	88	-24	8	-66	-87	-91	-24	-74	69	26	-104	117	93	-35	-79	-47	58	39	49	13	-22	-117	-58	-27	-68	-48	-8	-99	43	59	93	74	27	27	116	-124	108	109	-74	97	-61	-36	-68	-35	8	124	-101
-90	47	42	-62	-31	64	17	-51	-10	48	-64	94	-41	-67	-34	21	45	-12	-114	67	-37	-121	18	-105	-77	101	-63	9	51	39	85	-57	40	-9	125	115	-28	-120	-9	-18	-50	-72	-28	20	22	68	-14	70	63	16	-92	24	-52	4	-83	21	-38	71	-124	57	-41	-43	84	83	103	24	34	-10	72	-9	-90	-90	71	124	83	-62	-33	-71	-1	113	87	-72	-44	-46	-70	-32	57	-65	-22	86	105	39	38	60	-35	100	116	-76	108	52	97	-6	48	-37	52	56	99	-96	115	-42	116	-94	99	-114	-33	13	-34	29	-25	37	90	-105	-47	-109	-97	-16	-70	64
-96	113	-104	2	-19	108	12	-116	-83	-32	-46	22	0	-125	-55	-52	-63	87	7	46	-24	-78	-92	63	-45	36	-74	67	20	-93	57	78	-70	111	-108	-67	67	93	26	84	-58	75	125	74	85	-123	67	53	121	42	-2	-121	-21	103	6	-2	-26	-123	105	-26	-80	66	113	-7	14	-98	-90	86	3	59	116	1	26	-120	60	80	12	22	61	-56	-108	-65	65	-66	-34	-40	-113	36	-93	-45	109	-91	50	47	98	66	-115	16	108	-123	30	23	-32	-14	-104	60	-56	13	30	-93	-104	5	122	86	48	9	2	-84	-98	76	85	105	-54	23	20	46	-5	34
65	79	112	-83	-61	97	-91	75	109	-38	18	121	70	13	-52	-76	-65	-21	-34	44	24	-20	-14	92	-108	-70	-99	99	28	-71	-58	-80	105	-51	-59	-51	31	23	-30	-69	-117	102	42	29	-127	66	-116	-113	119	17	118	38	-7	17	-102	-102	95	-1	-38	-67	-32	30	78	63	-90	-39	26	-70	94	-27	13	68	123	124	85	-87	-36	101	-122	73	-6	-97	22	-121	-56	-115	23	111	16	-91	90	92	-26	7	-57	-117	2	112	-76	69	-96	-63	104	-75	110	98	35	32	-106	-82	15	33	41	-76	32	6	115	90	-55	1	35	-103	-54	54	-73	22	-7	60
66	-17	-10	-4	-86	-1	108	86	64	119	72	126	21	-75	57	-105	-86	-99	122	75	50	-13	124	116	-23	-21	48	46	-30	-62	-56	1	-19	-37	58	92	-36	-70	115	50	-66	-98	94	19	15	-59	5	43	-91	79	34	49	39	85	-3	-13	-111	63	24	89	50	-13	-124	0	-33	107	-71	-27	64	9	86	113	118	-28	98	-4	64	-30	-113	73	-106	111	-9	107	4	-39	-93	110	-68	101	24	-57	-69	104	-99	-99	-115	-90	-85	59	-14	-127	-111	-84	4	113	-126	21	-69	75	67	10	127	-38	120	-23	-36	-66	63	-85	12	51	-13	-8	-118	31	-91	-120
-83	-73	-46	73	-124	-100	-28	73	44	-30	34	72	-90	-75	-31	-83	-35	98	-105	-82	-9	45	43	112	-112	39	-71	-8	-13	109	-18	38	99	44	-25	-67	120	-87	-59	-46	-95	41	-38	106	-127	64	-21	-41	-53	42	56	63	-82	48	61	-20	-86	10	-31	-84	-59	14	-47	-84	-83	12	-87	-114	-37	-44	64	39	127	102	-89	-120	-28	39	100	-125	-25	-87	-34	109	-57	-100	6	78	-83	118	77	41	5	-102	-104	-66	-116	41	-123	-53	-58	11	-61	51	12	21	-68	-72	-18	73	23	87	79	66	95	36	15	16	23	-47	-31	-35	-8	40	-51	7	61	48
-30	16	-127	5	-103	85	-71	111	-73	6	-113	109	120	-90	-107	-91	-1	-100	127	-68	70	102	124	-110	-25	-117	105	-117	52	-34	-39	-42	-5	56	-25	-79	52	-102	-49	-94	-10	44	93	18	-8	-39	-67	84	-63	-13	29	24	77	-62	-21	43	-6	13	-7	47	-35	14	41	83	11	-15	39	95	115	-4	39	37	-22	62	47	-58	-51	-83	23	-50	-26	93	-47	-41	-59	87	-114	109	-122	-30	-117	41	-24	-85	-95	-95	-58	-115	57	7	-4	-63	-25	-103	74	-85	35	-13	118	77	-58	-29	-96	-77	85	99	86	-8	29	-27	84	-56	-10	27	55	-31	-92	-70
-57	50	97	27	31	-24	-65	-102	18	-79	111	-24	44	-2	-125	-65	-125	-90	-20	-43	25	23	6	94	-38	11	-45	-112	-88	58	77	47	87	126	-98	25	88	-61	-124	-68	-90	-15	50	93	-116	69	-77	-73	54	65	124	-43	-57	97	-73	58	109	-106	-1	78	-115	85	25	-60	-34	-37	-117	-15	94	-15	-41	-98	-33	78	118	-119	96	91	-2	85	-39	23	-91	67	19	40	66	-118	92	-116	-104	125	11	54	-97	75	117	45	48	98	119	24	118	92	-105	-13	75	58	-54	47	23	-105	-29	-109	91	-61	-16	-97	-49	42	57	-102	104	117	-51	70	-128	-114
115	31	40	-32	55	-89	-122	35	-102	52	46	67	-72	-95	105	-60	106	-56	-51	26	104	-45	51	11	95	77	-33	124	-118	-55	47	-17	-23	-53	42	61	-71	-22	-4	18	-124	57	-64	-23	4	-119	-71	67	119	21	-62	38	71	53	122	-103	-87	-81	-71	16	70	-75	22	42	97	-80	94	-54	-27	-38	4	-125	-115	79	-80	-84	-8	87	70	-106	-77	27	-13	86	68	4	38	-62	40	-108	33	-6	34	14	71	-109	62	95	80	-83	43	-92	15	57	72	-24	-122	-91	124	95	53	8	-102	-40	-30	-58	-22	120	100	126	78	-122	29	78	44	-19	-17	10
-65	-28	58	74	78	32	94	-106	28	-46	39	123	-100	-15	-25	-82	-36	53	-103	21	113	9	74	13	-87	50	103	-98	-121	118	-79	-26	101	-125	13	-30	-33	75	-73	-122	121	-50	112	2	-76	-111	-58	-74	110	85	-89	52	94	0	-35	-73	-49	114	-123	-1	-126	-33	118	75	-20	29	57	91	126	82	100	-30	-128	51	-115	-18	31	6	46	-56	-103	-30	-69	18	-33	-39	45	-96	116	84	76	10	11	-49	-107	-80	-117	91	-108	-31	87	-66	-31	-35	-123	-33	95	-125	-123	47	105	63	-112	-14	-91	70	89	-124	15	7	-30	-29	119	55	25	87	20	16
-126	-124	-31	98	-16	126	121	-87	-8	28	93	120	-101	-27	30	77	-63	-43	-92	2	96	-28	-1	4	-30	122	87	-36	-84	70	-98	-104	52	34	65	93	103	-40	122	4	-88	-50	-41	77	-22	75	1	55	-117	34	57	-65	24	-64	93	-7	116	-91	-24	-65	-77	-79	69	16	-29	126	-90	-90	-103	101	-41	-43	113	-22	47	35	-92	35	7	35	-52	-71	-103	-97	95	-42	68	70	-119	-9	113	53	19	42	-42	-83	-67	-13	14	-21	-102	127	110	-51	-14	54	124	102	-70	22	115	-88	-92	114	44	-35	-91	-35	8	-31	75	-73	-9	14	37	-126	30	15
-24	-87	53	18	-100	-66	38	9	75	-44	33	77	43	26	98	-53	55	4	101	-99	-45	13	64	-48	2	-73	27	-7	60	26	101	-3	-81	31	36	-66	70	-58	108	-74	-17	47	-97	35	-63	-37	-8	-18	-11	106	-32	-100	-82	-55	40	-76	-41	-13	-31	-99	55	-13	4	28	29	43	-58	-21	71	-72	-124	75	96	-92	-91	-53	80	-52	-44	-113	-6	-108	-28	-114	80	-64	12	-21	-97	-12	115	55	-5	-75	-44	10	-38	-12	-2	60	-100	-58	-58	109	113	55	118	5	9	6	50	34	-45	-7	30	-65	-6	17	-98	101	-17	56	64	-83	-66	-127	118	58
-121	49	93	-16	-37	-47	-57	-116	-24	59	34	-23	104	58	-110	48	86	119	37	53	92	-96	-73	-85	-91	93	97	-21	-14	-37	6	56	-127	73	-65	68	71	87	-47	-12	-38	-56	-76	-99	-46	67	112	81	-47	30	-71	-94	-14	120	73	73	-72	2	-22	-69	110	-72	-106	34	46	76	122	109	58	-65	-53	55	40	-112	-54	-6	-37	34	-119	-70	-100	78	-10	95	100	34	-119	-49	61	-74	6	23	-100	-84	-35	86	-86	-14	26	-22	-13	81	-66	36	76	70	100	-94	79	102	-22	61	37	-54	8	79	-51	-85	49	-47	73	4	5	-22	-59	62	69	59
45	-85	-94	-88	36	61	-74	-90	92	-114	-75	108	10	121	31	7	26	6	73	-23	-118	-58	-74	65	32	-128	45	4	-66	13	21	-58	-1	46	-122	-29	57	35	-23	-91	-9	120	116	-33	87	-32	59	125	-15	110	-85	-58	-108	89	73	-52	17	-77	104	4	101	107	-1	-101	92	90	-38	37	-121	-107	50	-45	-64	-19	73	-98	119	19	84	-22	111	57	126	-22	-13	-69	-104	26	-57	-31	-123	55	-113	60	-111	120	-76	87	-40	43	68	-59	11	-35	51	8	-76	-92	-50	-6	-18	-3	-82	-2	116	-29	-93	-94	88	24	-65	-62	47	-93	-45	-75	46	98
77	-114	92	53	-76	-107	63	-71	54	-28	-34	-8	98	3	-51	-59	15	98	-3	-109	102	-53	46	53	-119	-100	12	47	-54	21	25	52	-12	-97	-77	-41	-120	99	-79	80	32	-77	-53	-41	-117	92	43	96	94	-28	-77	31	-117	-49	-38	-60	18	-53	37	-107	-62	-102	39	-95	-15	76	124	-72	-27	-118	123	-64	99	-66	119	27	-32	43	73	103	124	49	-54	104	-51	-89	-123	50	52	-128	-13	-25	-76	63	-117	37	-41	54	-9	-94	-105	-66	91	20	-118	105	120	8	54	-14	-11	75	40	-38	-49	-56	-102	106	38	18	-32	84	16	47	-42	23	-27	66
32	21	43	41	49	7	61	-45	90	-41	-25	67	-38	-25	-63	79	-11	-28	-108	71	-3	72	86	-70	-41	15	37	108	3	-81	57	125	30	-122	0	104	51	36	79	3	47	84	40	-88	11	107	-91	76	64	48	-28	-108	-127	24	110	4	63	-111	107	20	61	-81	58	-127	82	-124	-91	43	-89	123	-49	-103	-44	0	14	112	32	97	99	91	-126	54	23	-14	-56	94	-49	-47	61	-18	-43	-101	-119	119	4	-125	10	7	105	65	15	-62	10	-94	-25	-125	88	93	-108	-83	-26	-71	124	-34	-51	9	38	-94	-86	-48	57	72	-122	-23	82	116	66	-64
31	-56	-98	-7	102	55	-44	14	107	82	-50	73	-76	5	114	55	-8	-90	-46	-36	-11	52	-19	-15	-92	-119	-67	31	-30	60	38	-78	61	3	-25	91	-89	-8	0	21	-69	-64	88	-54	111	-99	83	15	63	96	20	-123	-106	-25	-49	-97	16	-50	-49	-72	-26	13	-54	57	-92	42	9	21	116	-83	61	-14	27	-44	-46	33	77	109	10	-57	86	107	51	51	4	25	-53	103	25	-121	17	81	89	-16	49	-39	121	-124	-61	-31	28	95	-30	30	-19	-70	-108	-106	90	-68	67	63	21	92	-75	-37	50	10	-35	73	11	41	114	-100	24	43	-37	-10
-74	-108	-45	124	-101	-20	-80	-82	49	-86	-19	75	-116	47	70	-33	49	7	53	-8	-96	4	28	44	23	121	-17	126	-62	50	-50	-3	-89	42	100	75	123	111	87	88	-29	-27	62	-111	-78	-21	55	84	43	-8	-96	35	-41	-17	104	-116	-74	50	25	-127	-113	-29	-88	-84	-49	-108	-128	-52	-127	122	-102	115	-47	36	-22	122	28	2	105	1	-79	104	31	-55	64	-79	-36	123	121	41	111	-62	-8	-111	55	-14	-116	-1	29	87	110	-77	-50	-35	-127	-24	32	34	-40	-32	126	-34	8	-113	-5	103	-94	-54	-93	-16	-102	-24	92	32	120	-16	120	115
-111	-95	38	85	-73	-95	127	81	9	30	-101	-121	-117	-103	-116	52	5	49	105	-21	-112	98	10	94	-44	98	-127	78	43	120	52	40	-31	-12	106	84	-94	-46	103	-108	37	22	-54	-2	54	-65	-6	-120	-63	119	-25	102	-80	-64	57	-43	83	-2	7	125	77	-46	37	68	-73	-107	28	77	52	4	6	-31	11	57	-95	-17	-24	125	-42	-64	-39	-44	88	-30	2	75	-92	-22	-126	-98	119	-25	57	-89	-64	16	6	-42	37	-92	82	-75	71	-16	-117	-91	126	-41	-124	-86	-115	-6	111	-58	-121	125	-110	-26	84	-76	-120	77	-118	21	-52	-49	73	53
-113	127	-88	-123	72	-80	29	-110	-106	57	-123	-25	125	38	-75	49	30	114	-124	116	14	-69	-42	-41	-38	-78	-86	-53	64	8	-5	70	54	-55	8	-61	7	116	123	67	-72	54	114	-87	110	-119	93	16	87	122	-28	-115	103	13	-71	58	121	-110	-79	-98	-31	36	17	-16	61	63	-108	112	-4	-41	90	-13	45	7	-23	-37	-117	20	-99	-58	-1	127	-12	96	-56	102	-27	-72	-58	93	-87	1	-85	32	-117	64	-15	112	115	103	127	19	63	92	98	-40	33	81	-19	48	80	0	-74	86	65	67	-75	28	94	-94	107	95	-123	101	-66	85	87	110
5	93	80	-28	42	109	-109	31	94	-6	-13	-46	53	-42	-64	-30	-123	-102	-121	-67	24	40	14	68	82	-13	75	42	22	112	54	-24	-95	101	19	-42	102	-52	31	52	110	69	121	4	-62	103	94	-39	-32	-15	45	-40	53	4	-125	-82	-51	26	41	-16	-41	120	51	23	34	28	-113	-3	8	80	-123	94	-127	-63	59	126	105	-69	109	67	-121	-79	-74	27	-63	35	100	-84	-94	122	113	-23	-120	-94	16	118	50	-100	-48	-58	-60	122	18	-45	-5	-126	11	56	-7	96	-79	127	21	-70	-2	53	77	-7	116	116	6	-119	-58	-71	-82	-41	3	-14
-96	-95	78	21	-103	-79	-113	123	-12	-8	62	-94	21	46	-117	4	-14	-117	-84	127	68	27	-125	96	-128	38	-71	112	-4	-104	-118	-19	-128	-46	-31	-1	-43	-78	112	-33	-10	111	20	-120	-60	34	82	-66	108	15	118	125	-96	103	122	124	29	44	-48	-78	95	43	-106	-19	82	-97	120	20	30	-104	16	78	-45	10	127	15	74	48	69	-104	41	-72	36	11	51	8	-40	70	-52	-101	107	-124	-84	24	18	32	73	-113	40	28	28	-67	85	-35	-49	-87	42	-76	-97	29	34	6	100	64	127	81	-40	-96	27	61	-83	57	-119	-83	-84	86	-24	61
-12	39	12	0	24	46	96	31	67	88	-96	7	-55	-75	-19	-117	110	-127	84	100	34	65	101	-128	-105	54	82	-90	-57	-73	-73	86	62	4	-127	-65	15	-108	-57	21	120	-25	-62	19	-64	-74	-58	65	-30	117	-110	102	-28	-22	77	9	-12	-97	42	-108	87	-79	-29	-99	74	13	32	92	23	-36	77	109	72	-83	-17	90	-12	110	16	-26	-42	-14	95	-114	125	-70	120	79	-89	32	28	-19	57	-62	-45	12	4	-71	-117	126	-66	-1	50	57	98	17	-48	32	-4	-101	44	35	-17	40	-34	7	14	-20	-18	50	71	39	6	16	106	-83	14	56
112	52	-58	70	-116	70	-103	-77	90	-34	-26	1	65	-75	-59	26	123	-122	69	98	-43	119	-65	-55	-25	2	-51	-41	30	-53	-128	-49	-31	-70	-101	93	-46	-104	-109	49	17	-101	26	-89	56	24	105	25	-54	-82	-4	-84	-14	39	70	33	-119	28	126	55	96	84	-32	10	-76	-34	127	66	40	-22	-91	-76	-79	23	109	55	76	83	-67	-110	-40	40	-87	98	-103	45	-27	-67	-69	73	-57	-90	92	0	-102	105	-127	-83	18	-58	84	44	115	15	32	96	-114	111	-65	26	-116	-99	-61	25	-12	-85	-40	41	-41	56	-108	-73	60	-68	-68	-30	46	-64
-7	23	-59	-54	87	-1	11	-96	46	21	53	-81	-59	106	20	13	36	17	10	28	100	6	98	-72	-80	-125	58	-14	72	86	26	6	-119	-47	-23	10	8	-30	47	63	-70	2	-94	30	-42	63	-108	29	-118	27	102	-55	125	-52	-61	-90	-39	63	-33	-110	35	120	10	22	53	94	-42	-73	62	115	-18	5	11	-124	-5	-60	-49	-114	39	-36	-59	-124	-31	-88	-7	10	-39	-13	-19	-59	-74	36	96	-99	2	60	126	-101	-1	58	-100	-110	96	-19	-82	-117	-54	-106	-36	-78	113	98	126	57	11	48	78	67	12	106	-120	-44	-54	47	82	87	8	-27
-92	-24	-109	-65	-85	-78	12	58	-85	45	39	-95	-82	88	126	75	55	-59	-27	-42	23	24	93	80	39	-92	-127	-117	106	-117	-11	67	-41	-72	117	-54	-111	-64	31	-33	-71	-120	27	25	59	57	118	-49	121	119	-100	-128	-56	-104	-56	-50	-102	50	-29	-72	84	-117	-77	-30	5	26	-58	73	-87	-10	-67	-120	91	-107	74	61	-122	1	-94	-60	-79	124	-109	-54	-58	-39	109	-103	-8	55	-126	-79	81	103	60	-23	-76	-63	-121	-24	-42	78	-121	38	33	83	-29	7	-23	-42	-112	90	-77	-122	-49	-105	-105	-117	-95	-78	-101	-18	-121	-7	16	-52	-128	-123
94	-44	48	15	28	5	86	113	-107	66	-97	-99	-57	20	-26	75	110	36	109	54	97	-22	-120	123	75	-96	-31	62	-93	122	-104	-74	64	20	49	-121	33	103	-17	108	100	-124	-120	82	-99	98	-68	32	-37	-123	-27	117	22	102	-12	-97	-106	-63	52	60	-71	-104	8	-88	58	-50	-46	39	121	50	-112	-13	74	74	42	-39	111	95	-97	-93	-75	51	-11	47	-85	73	78	89	-85	88	-20	90	-98	122	-41	55	30	17	51	113	87	85	-122	112	81	-62	119	-79	77	47	-83	-35	-106	57	-87	108	-66	15	-8	112	-65	16	81	-97	-113	31	-4	45
118	119	-75	74	-98	-74	-107	104	21	62	-107	57	117	71	107	60	39	-30	-16	51	-12	-6	121	32	35	50	121	80	-8	11	-45	104	-15	-97	-13	59	38	-90	104	-120	-108	88	38	-48	95	-84	-37	-45	-105	11	-27	-107	-37	30	66	41	-33	-97	91	-48	-73	62	116	-65	-119	-41	37	-42	-51	111	126	32	56	61	-12	-115	39	-18	92	47	94	-128	36	-69	89	26	89	29	48	-56	-43	-75	13	98	-40	-120	61	103	-33	-29	-18	-38	27	62	-80	-3	25	113	-48	27	61	-122	-46	-63	117	-61	118	-46	91	104	0	32	-80	-42	93	78	-78	40
-6	-71	69	98	52	109	-50	43	-81	-78	27	0	-77	-57	37	65	-65	31	-56	22	-121	110	-3	20	11	93	32	-88	124	37	-86	102	56	-60	126	107	-56	32	-92	-49	98	-108	25	99	-18	-77	-15	-21	-72	-49	-69	-74	3	74	93	29	67	29	3	106	107	-58	-104	-124	115	29	70	-64	-1	-42	-104	84	108	-39	-77	-75	9	-92	-62	-120	125	-45	-63	-119	-32	-42	-15	62	83	83	65	44	-110	87	-80	-20	98	109	-126	80	-105	-112	28	9	-127	97	-73	-36	-114	-66	122	26	107	-86	-49	105	-49	126	-6	-26	-100	-100	26	121	90	-100	78	-54
123	32	-77	-80	64	-119	43	51	-74	-83	23	71	14	122	63	-103	-42	-117	-5	-3	112	12	-15	103	-109	-127	-81	62	-83	111	-120	7	16	63	116	101	-58	-57	89	-83	90	124	5	-100	127	63	21	126	-107	5	-52	-67	-77	-113	-112	36	-1	81	41	52	-124	0	52	106	-107	5	34	-21	10	-114	-104	-86	124	7	-41	-101	3	-53	-81	-98	57	-38	-37	-123	66	-92	-5	50	-16	85	55	-108	100	52	99	-41	49	-77	-48	18	85	100	-43	21	-111	-128	4	-11	-32	56	80	-22	0	4	-47	3	79	-78	97	-66	-23	-60	68	8	-106	100	56	-118
45	6	-27	-97	-52	-87	-41	78	-6	106	28	26	-90	-15	79	-3	127	-9	28	-20	-18	-11	60	55	-65	-33	-37	-52	-108	61	-27	-124	71	21	76	-40	40	5	23	-14	-30	-74	-24	78	-30	-61	-60	90	122	106	-90	-40	65	42	45	96	-40	126	-25	-30	-63	-65	-115	110	-109	-64	-40	-46	-51	12	-110	-100	28	-128	89	-37	-112	67	127	82	120	-119	-78	-101	-35	92	-68	-36	59	80	109	18	49	-3	-125	-95	-96	21	23	127	16	43	79	58	-26	98	-40	-21	82	117	-72	-86	-5	79	-10	75	93	-9	-91	89	-16	-28	-110	88	-2	27	-5	96
-16	-79	-126	-51	38	27	-115	118	52	-7	67	16	96	123	105	2	6	-5	20	119	-92	-18	-107	-25	-66	49	7	99	-117	-84	-123	-48	64	37	-26	111	3	107	78	-43	-89	-21	127	-87	127	104	-74	-35	35	63	-31	-102	22	88	-70	127	25	65	-101	117	106	-9	124	66	-127	-14	96	2	11	31	-49	75	123	-19	9	63	-63	122	45	50	-32	25	59	-44	-66	70	-28	-62	-1	59	71	23	-106	40	86	6	-17	11	-106	17	1	-95	-9	-11	-5	78	57	75	-106	-121	3	-99	-52	62	-98	-128	13	-78	-34	0	-50	29	-99	-114	68	96	-125	17
-35	109	95	25	-63	20	93	-73	-121	-104	122	-65	113	112	-66	-26	-103	-9	92	-102	121	-29	97	-113	63	13	-94	-15	-24	116	-8	-40	0	81	-76	-84	59	-81	27	-3	-38	-26	-65	127	112	73	89	24	-26	21	-91	87	33	-124	-35	-106	37	-3	-43	121	-112	-63	-92	83	16	105	-97	-125	-92	-126	106	-81	33	61	-18	121	-100	-20	-115	-39	-55	-120	-96	52	43	11	56	11	-66	-78	-53	-96	118	-42	-38	65	17	123	-117	58	30	79	107	-33	110	-85	-126	-31	-72	-66	-88	-23	62	-65	-59	47	58	-15	-28	-39	61	13	-114	65	-48	-24	-20	45
97	-104	41	-35	-68	112	29	114	18	-93	67	86	26	-67	3	-22	115	124	-64	42	93	113	-110	-7	-17	-37	56	-37	26	47	21	-111	-18	-57	66	27	122	40	-62	123	-11	74	-72	112	91	-13	-54	2	-4	117	-23	-76	-124	-7	-62	12	-112	-89	-83	-53	21	-48	-10	-117	-93	-54	-100	-5	-58	-54	88	59	-48	-93	22	-121	-70	72	10	25	87	-108	3	7	-113	110	109	-36	-34	-81	-45	-65	76	-117	123	56	-66	-18	54	-95	-115	65	106	-50	-116	97	-69	-16	47	1	-123	100	125	-43	109	-115	-8	-90	107	-84	-95	119	-116	67	70	-123	-43	84
-54	21	70	109	-88	-78	114	-68	-80	-80	1	18	67	34	81	72	-120	112	66	49	85	-82	-58	45	-96	121	-128	70	-62	-112	76	66	34	-48	28	123	5	-88	56	96	-52	86	17	59	106	-52	9	36	-11	19	12	74	3	-76	-65	-15	18	-15	35	-8	-114	-2	25	44	101	-33	-37	-38	27	-47	80	-37	-115	-103	30	-123	94	50	-19	26	22	-9	-97	7	14	41	-57	96	62	-126	-118	-24	-39	118	-109	-1	-37	-103	-14	0	115	89	6	-73	-58	-18	-128	68	-22	-92	-64	118	23	-6	72	-119	34	71	28	-114	-64	-26	72	0	-72	-67	-121	106
86	-120	96	1	123	104	-11	54	-86	68	10	-124	3	63	28	12	-119	65	62	-18	-12	-7	82	114	-22	-39	-106	-62	41	-46	-96	14	-115	-7	78	74	-105	124	-116	78	114	-41	48	79	2	122	18	44	-105	-115	-30	-21	60	63	7	118	123	86	-21	43	-90	-103	-99	-18	-49	-107	28	-25	-30	120	-75	-62	38	-24	-112	-99	-87	37	13	-82	112	-15	-97	110	-124	126	-46	35	-31	-128	89	-7	39	75	54	15	-48	-65	112	-59	-100	-47	90	-119	78	77	94	26	125	-96	11	-8	-8	81	46	69	-58	100	-71	78	39	-11	52	127	27	123	-96	125
118	-49	47	15	121	95	58	15	-111	-109	-117	20	-44	-16	7	0	72	-66	-46	103	25	-35	37	-36	42	-20	-54	-19	14	80	38	125	-104	92	-120	-5	66	-69	-59	-80	115	12	86	21	-80	-72	-48	16	71	104	-76	-89	-67	68	105	-70	-97	-23	-118	-55	16	-4	-125	-28	-13	110	121	60	-11	-128	7	-66	14	-66	-51	-20	92	10	-109	5	54	-1	-10	53	104	-83	-45	-46	27	-35	113	-122	39	-122	-33	-105	-7	110	44	120	65	-68	-15	45	-28	-109	-66	-106	-87	93	-112	-40	93	35	104	12	-98	71	6	55	-48	-56	-95	-101	-4	90	101	102
109	87	-91	-6	-88	-6	10	51	104	-41	-14	-125	-112	-72	-53	61	117	43	-87	114	83	26	52	81	-30	91	-66	-99	-24	84	108	40	38	-124	92	-26	45	127	21	-96	96	26	122	-92	-90	54	-118	57	95	126	112	60	-55	-100	14	124	-59	-123	28	-100	91	-30	70	6	104	-36	-70	-106	44	-128	63	111	79	57	87	-96	64	12	-12	-45	96	-12	44	35	106	85	-121	93	31	-116	100	-13	118	-51	-59	-92	28	-49	-77	-66	-82	34	85	-59	97	43	-5	-106	-31	-12	109	16	-50	-36	36	45	93	-36	80	-103	-105	21	125	-46	62	124	76	-121
-120	-82	-54	108	34	-78	-29	97	57	-20	112	-13	-124	119	82	-65	-18	22	98	-100	-69	74	-50	6	96	-36	5	-34	-31	86	102	5	69	81	22	62	-115	106	75	-92	-14	122	-13	28	-19	-84	86	-120	-61	-78	-117	-1	-14	62	-15	10	-59	-110	38	-29	27	-33	23	-37	-36	56	61	44	40	62	53	-7	-32	-114	75	13	-75	94	72	7	69	-103	64	106	50	-25	-111	-103	95	-27	-73	-112	99	9	-46	-35	-3	-89	-64	-68	-50	34	-14	-121	-22	75	-39	4	-1	69	87	42	-37	24	98	-123	-11	-93	-120	-102	-31	-39	55	-93	114	-68	-110	-84
93	-34	-23	25	65	-13	88	117	80	-47	117	-44	-50	3	-3	48	23	-1	125	67	-2	-15	100	90	28	97	66	-38	82	-53	71	112	46	89	-106	-19	-115	-15	-49	-93	-42	-123	-83	76	-55	108	-97	47	-64	106	-72	-121	14	-127	85	-42	-125	-104	113	-35	44	53	8	70	-74	-115	-112	84	-61	7	80	-123	-29	58	-37	-107	39	-19	-45	27	-64	-2	10	-67	99	-58	0	120	85	17	-23	99	8	83	-47	101	78	107	-58	75	-35	-2	73	115	50	-92	125	-127	122	-42	36	19	-91	-39	-116	126	118	-62	-122	-41	-76	-2	54	94	122	36	-93	11
-8	46	45	-62	60	-102	-62	92	52	64	61	-51	-105	-103	-107	-20	-30	49	-114	26	-98	8	-50	36	63	69	33	77	-32	-26	-24	77	-7	-74	20	-11	-1	44	-43	51	-99	38	-115	116	-9	-27	66	65	-54	21	118	73	46	-13	-91	38	60	-70	105	58	-76	58	-70	106	39	18	51	102	5	-109	-37	-79	100	25	95	122	-95	-89	-116	67	117	67	-128	29	-114	34	-98	-83	45	88	36	104	55	22	2	-110	-46	-18	97	25	64	43	30	-42	118	-18	1	-69	6	107	-118	-89	101	-3	-96	62	-125	-58	68	-16	61	101	65	22	-108	-10	-2	117
48	-79	-9	-121	81	-112	-37	-85	23	122	-78	-26	-97	-11	-9	5	78	-9	-89	86	-37	41	-76	114	-114	28	123	-39	116	-52	-54	-52	-45	-122	-50	60	-88	13	100	-120	-57	-10	48	-63	-40	-16	-70	-18	-74	90	-112	72	-39	50	96	-69	81	44	-79	8	-69	-5	-17	-49	85	-66	-117	88	-9	-73	61	-3	39	77	-116	-111	50	-11	-35	-20	125	-96	-5	-127	47	73	-112	-75	-115	74	118	85	-22	34	-91	5	111	-47	-84	31	-90	-15	26	108	64	121	28	-108	101	-127	-26	-7	-65	100	4	-55	50	-2	-19	-59	-11	74	64	-38	-11	-26	-45	21
33	-37	124	25	-60	74	87	-57	73	-4	121	114	88	31	-93	113	-105	76	-4	-37	123	-100	-35	-85	115	-49	-26	100	41	-34	37	53	-27	21	31	-13	-88	5	16	-89	-117	-88	-114	11	-9	43	-15	38	-106	127	-53	-127	-39	76	6	43	-73	-93	10	48	-39	106	65	127	24	105	-75	54	-106	-44	-48	-49	123	105	-61	108	115	29	116	-108	118	46	-25	81	109	93	-55	89	8	66	-92	-71	69	108	47	75	8	49	107	-3	37	20	102	107	47	-43	-54	32	-114	100	-12	123	122	-23	31	-18	72	35	-12	-5	-67	-5	-47	0	-87	-128	68	-33
-127	-95	96	96	68	-50	94	-109	-97	74	-122	10	-117	124	84	-59	-48	114	16	20	-82	81	89	-78	8	83	39	-127	24	-21	-101	-69	81	84	23	-18	-22	114	-89	-47	95	-48	111	37	-30	-77	75	68	5	112	-16	121	47	96	20	7	78	-119	-38	-24	-1	-2	53	85	3	123	38	15	-94	9	-52	-88	76	-31	-60	114	-24	100	84	-73	64	5	98	41	-125	83	-10	-5	-80	-27	-108	-95	45	104	17	-26	94	-39	-52	-97	20	-122	-115	10	111	39	-43	-28	122	85	-70	68	61	-2	96	9	99	8	-93	-117	26	-25	-28	7	12	-114	-22	110
-83	94	6	-117	97	27	-16	47	-118	126	78	-57	11	71	63	107	101	7	86	-102	89	106	54	77	-81	-50	48	109	-71	-106	-18	10	-25	-86	-74	-35	-113	-55	-50	-108	-127	-126	8	51	92	73	69	103	55	-53	41	-122	-56	-14	-29	-26	105	105	-81	68	-53	27	86	-8	59	-20	-36	44	-23	-39	93	-91	87	-53	6	-59	11	112	-24	-74	-69	119	-34	-30	-74	74	-84	80	-5	17	-73	-93	-118	-128	-69	-110	-69	54	-15	-6	57	-94	52	120	67	33	96	10	-122	-99	-55	-122	-86	-63	120	-81	-16	93	126	35	-4	-52	44	-113	39	109	28	-39
86	119	-60	53	-28	-124	-30	51	34	50	86	79	-28	104	56	-17	-23	-76	104	27	103	-8	36	107	-95	-4	-1	-12	-51	-109	-9	42	-115	68	101	63	92	103	72	64	-74	0	-15	-51	115	-67	16	-7	103	-1	-94	8	100	66	-106	20	68	-33	-65	-27	89	-108	-56	-10	-32	-1	-28	-36	-31	-117	67	-42	-18	-101	-5	117	22	-38	-55	94	66	14	95	-59	-19	90	111	104	-99	-47	-60	68	-90	-107	79	-119	103	122	-102	-17	95	60	-3	-26	27	44	93	80	-31	-88	-23	55	53	124	-37	69	61	42	5	-91	106	13	-13	124	87	53	-104	96
-113	-4	-49	-112	48	105	-46	41	-52	-100	18	-106	31	47	-108	-65	-103	-15	115	116	-55	-113	-97	14	-95	7	-43	80	-5	14	-100	-81	-119	82	-34	-80	0	-106	-19	-58	-103	-50	-22	22	-124	-15	65	-101	68	54	-63	-34	12	113	-17	102	72	9	-11	108	-32	-21	117	25	24	-34	99	-34	-43	-5	79	88	-50	-39	-13	65	-43	-21	-40	-5	-77	82	-13	84	-92	121	-100	-88	3	66	54	-124	-51	2	-20	94	20	-54	19	105	-95	4	-46	-58	103	-78	119	-100	10	-128	-91	-33	1	-64	35	85	-70	45	-92	55	73	-28	-29	-87	-43	-81	-4	-84
30	14	-109	47	7	47	111	-9	107	48	-62	33	21	-59	-83	67	-34	61	42	94	35	105	-1	-41	92	-91	40	-106	107	-102	-56	54	-78	-24	-35	-118	8	36	124	46	71	-105	101	49	-108	41	-38	40	28	-101	92	-10	-46	20	71	-15	59	-54	33	121	19	-17	5	111	-101	-113	-103	3	102	-89	-89	-30	-87	52	99	14	-65	112	73	32	21	61	4	-29	1	-64	-36	16	63	79	-9	-97	-103	-112	-35	-51	-70	-88	-48	79	-70	-9	-61	36	80	-95	-120	-112	104	-99	-28	-20	57	-64	-38	-90	81	69	-91	20	-90	12	56	-50	-99	-5	57	-26
-29	93	-63	81	124	-124	-57	-18	28	-104	-95	-45	-23	91	-84	-1	111	-53	76	-74	106	60	37	-6	100	-115	80	89	81	51	-30	0	41	-17	80	-16	-62	-37	-109	-77	56	59	-41	69	83	-64	115	74	112	-25	-24	-35	95	33	-13	-12	1	-9	-111	-5	-52	123	26	-60	8	-112	-117	-26	-46	-58	109	81	-79	4	-114	103	-29	68	16	83	-57	84	20	20	-63	5	5	-22	-92	-1	-105	65	-14	-62	84	-109	-9	-114	-35	-114	-78	14	-9	1	-22	-55	-10	-20	-59	88	-101	127	11	-11	81	82	12	-45	-96	55	18	-123	9	-74	-33	-96	-90	-33
67	72	-76	-75	-75	-72	-42	-117	-1	73	-119	116	61	-86	89	47	-62	-110	34	43	51	-50	-116	109	44	125	-51	118	77	-107	107	47	-27	-1	110	83	50	22	81	-114	-80	-102	-22	-49	125	-14	5	36	122	-87	38	112	74	-123	-87	117	65	106	1	99	-128	101	-29	-41	18	87	15	79	21	-23	-34	123	116	51	-76	-27	-24	-119	35	-77	-5	54	86	11	-89	-84	-1	-109	-39	-56	51	-21	72	-10	-31	-39	-108	-47	-63	70	59	-48	-4	73	-52	4	-120	-50	2	99	-85	-81	-83	24	97	-3	33	117	19	25	111	-55	32	54	-91	-85	-127	124
-87	-82	34	-46	6	-8	91	11	11	-31	38	25	70	13	-78	51	-103	17	121	-118	-29	-7	102	-37	-28	-58	78	-25	30	112	-37	12	35	-46	16	-21	-6	53	85	-25	39	-20	-31	-80	-32	-80	64	-68	59	109	41	-40	-55	-106	-4	2	-100	51	9	-123	-15	-28	-84	-119	81	120	-101	89	-27	23	-5	-82	-77	-125	106	-127	-74	-90	-4	73	-65	-28	-71	15	-122	-5	-122	-47	85	50	70	-83	85	78	103	56	-4	-18	114	-67	-124	-90	94	-64	99	-16	50	100	-31	5	-119	-59	-72	20	18	-26	47	74	-63	27	-121	-30	20	19	57	105	-55	-75
57	99	122	35	-125	-103	-127	-93	-50	62	-119	-3	70	-43	97	-57	127	92	39	112	-102	18	-113	43	125	-85	-90	34	93	-13	86	-19	79	76	-56	-48	38	-112	79	-53	-78	-63	2	113	-58	-77	103	-59	14	58	-101	-43	100	123	71	-112	20	10	-16	38	-79	-125	90	11	-55	23	67	-94	-50	-110	121	81	-46	-65	87	52	104	-107	-21	-27	69	-65	59	126	118	-3	-13	-113	-47	-4	-101	-7	82	-48	-91	88	-27	-38	79	-64	-53	114	-76	-123	-87	75	-112	-46	-88	-73	65	10	98	-73	-92	-69	106	124	-18	-95	-1	95	114	-72	-23	122	-98	7
-92	-58	-44	-122	54	127	-25	-63	-93	-38	-34	-99	83	11	-19	-73	112	-61	119	74	-52	-18	86	43	4	-126	-32	-61	-105	-59	-119	-44	-41	34	-33	28	103	-82	-60	-80	-82	126	47	26	-16	-100	-95	-78	-97	-74	98	-125	-114	-50	124	-48	-48	23	-35	-79	-119	97	-55	51	-16	-103	69	-98	-11	85	11	-19	39	-51	-13	108	-6	74	124	12	-12	-83	-57	57	-22	127	81	-84	-81	0	-7	68	66	-59	-7	-18	-57	8	-63	-91	115	31	80	59	-105	43	49	124	41	50	2	31	-70	-94	-22	-70	-93	-19	91	79	-81	22	93	42	91	-125	-47	10
118	-28	117	-64	-3	-60	20	121	27	126	11	87	84	55	-8	60	-50	-65	-115	59	-58	-94	-22	-61	-54	-90	-105	82	127	59	-78	-115	-111	-116	120	-62	53	-104	-28	88	-128	69	25	-24	10	39	85	97	123	3	-41	7	-78	-38	81	-65	-128	-111	59	24	35	75	-69	2	-79	-99	-5	-27	72	-109	-10	-4	-22	78	-116	28	5	-47	22	35	-40	-65	-35	-26	77	-47	19	94	63	5	27	-25	93	-26	114	-13	-38	-57	-51	-84	100	-83	101	-104	-15	-28	81	71	-67	-83	123	-86	112	-51	-86	-11	-104	68	-10	10	67	-103	-115	-58	120	16	117	47
-19	93	-32	-97	15	0	14	106	36	127	64	29	78	71	108	96	-111	106	-61	-127	-109	36	-36	-101	-107	54	8	-111	75	-30	-89	85	-26	36	45	-15	-102	83	102	24	85	-86	-18	26	-117	87	-69	-121	-32	-63	45	54	72	-123	42	120	32	46	-93	-61	65	107	-79	-60	-16	32	10	-68	98	41	-54	-125	117	-57	58	-76	11	9	95	-63	-109	-104	-46	44	-52	-32	31	29	105	-42	54	-88	109	-40	-84	24	-86	38	51	-112	14	-109	98	-28	-78	-104	-81	-112	-72	42	84	55	-99	79	-36	-81	-53	9	-89	53	14	-105	98	110	8	-35	4	-16
-57	-34	68	55	-4	38	16	18	0	79	-52	1	-77	-122	-22	99	103	108	-21	43	39	54	95	-121	-13	124	-101	-33	-8	-85	-94	4	64	60	-103	-36	106	-5	-90	-111	-50	61	-108	-91	-25	-72	105	-35	116	-29	59	-95	-51	-117	-128	16	-32	48	-27	-45	62	-107	41	30	37	-101	99	-4	3	-79	-59	-125	39	115	49	-63	67	91	-104	-6	97	121	79	83	-79	-111	44	-77	28	61	-106	-54	35	91	41	17	89	118	4	-34	-118	19	-1	21	8	42	-39	70	24	-38	93	25	-62	126	-73	94	-102	-123	46	124	116	-122	-72	60	48	85	115	-21
-15	121	86	-22	23	103	-79	71	118	-113	-85	120	-16	106	-43	60	77	-51	-80	66	30	70	-52	41	-84	-56	-26	49	-67	67	-99	3	-38	74	-22	-60	87	36	-100	76	-13	51	9	114	-37	111	21	3	111	92	10	-116	-61	-117	-116	-125	-4	111	-115	52	29	-102	-108	-73	-55	-18	97	85	111	75	-79	53	-107	-70	-73	125	116	-112	9	22	-48	-108	82	9	-58	-13	-62	22	-128	-104	-96	-24	72	-57	39	-11	37	8	61	54	-43	-101	101	94	68	-85	67	39	65	-79	-68	13	18	39	-85	-86	-127	30	-99	-95	5	80	17	-78	99	-67	77	116
1	0	104	101	-122	6	-21	37	-70	-87	-4	119	-26	-28	20	56	52	111	47	-31	5	-75	11	-22	83	14	-127	-65	48	-21	-56	-22	91	-119	-5	20	-83	-102	-28	-3	-123	99	-109	9	36	-103	-76	-120	-51	120	-62	-109	32	-7	60	-44	-5	-51	105	113	-94	107	71	-19	-100	-84	28	-11	-77	62	-101	-23	-19	3	-89	-38	-28	105	100	92	-75	40	68	62	-100	105	-108	-104	124	37	-18	-30	-21	108	-109	9	125	106	89	-44	-2	-50	-34	-25	111	0	-45	-81	116	-114	44	123	-66	-113	26	-32	-42	-43	45	-78	94	-34	7	122	23	-93	-77	45
-5	-82	19	40	46	79	54	-128	-26	-60	-50	-56	-84	115	-20	45	117	-48	36	-10	-70	-113	-125	-93	35	-92	110	-28	102	77	-50	54	-34	6	42	9	-73	-75	-120	-46	-108	97	82	45	93	-50	-1	14	50	59	-107	42	-105	47	-72	-54	41	65	-49	-80	-38	-66	-49	94	-23	3	-96	-103	89	-72	-101	-41	-4	78	52	64	101	-49	-48	115	18	-75	44	-86	-102	-112	21	-111	-80	86	18	-49	100	122	-87	55	65	26	113	-29	21	-89	-31	59	-54	-113	-59	31	-89	-121	-6	-50	-58	-40	-120	-126	-51	84	66	52	-48	-23	53	-23	-116	58	-42	-21
-47	111	-13	15	68	17	-17	-112	-58	107	100	55	1	-128	24	24	39	94	95	-21	-62	-4	-21	10	85	61	-9	70	-102	86	-93	-89	19	94	-6	-36	-91	49	22	59	-87	-110	5	-32	28	58	-118	-90	26	88	124	-64	-105	-79	-82	-82	86	-102	-14	111	-125	-34	127	45	-49	-23	-87	-81	127	-102	-128	-54	2	-45	127	15	34	105	-56	-78	19	88	75	93	110	-28	-16	97	-102	40	93	66	-58	77	110	45	-35	16	-44	43	-37	-126	-36	114	-76	112	104	-53	111	82	-4	96	64	70	-70	-6	110	59	-86	0	1	-17	69	4	-19	-55	-121	-76
18	4	41	-103	14	-32	86	-34	116	64	85	-106	40	104	-32	52	119	84	67	86	-46	26	-114	-93	-92	-23	111	-18	-78	-55	14	-60	-74	-69	-113	25	62	37	-91	90	-74	84	-103	-9	-127	117	13	72	-43	-46	-3	-61	2	14	45	-8	124	76	109	-55	76	64	32	-78	-31	85	-74	108	-51	-52	103	-127	-34	20	-23	-7	0	-40	95	-74	125	91	119	50	-36	-33	52	47	-37	79	113	-79	-55	-83	-18	113	-72	85	-80	-88	-125	68	-33	116	87	113	-93	17	-53	35	87	95	76	-95	89	22	-115	68	2	-12	66	73	69	-121	40	-96	23	-46
-104	62	-61	-22	-50	117	119	-55	74	-78	-69	66	-126	76	-54	-110	93	127	50	-69	126	-120	-89	46	27	-108	-41	-5	126	106	45	9	-118	-48	-32	100	102	-121	-62	-104	81	-83	10	103	-29	103	-1	-110	82	14	9	13	-112	73	29	-4	104	115	81	-80	81	119	22	18	-20	37	-14	11	-19	12	-96	-62	122	43	110	-25	122	18	-83	-26	-34	-122	59	21	-59	4	74	-13	27	27	-62	37	-107	119	55	-127	54	-38	83	117	6	15	7	-103	-83	-85	-99	99	-40	63	-14	95	57	-59	-8	-115	-57	107	-117	-65	100	104	-46	41	-102	-80	-3	100
-78	69	-48	113	-72	-99	-73	-25	103	101	6	64	100	-120	2	-75	9	-105	-89	-49	55	-30	-110	52	90	-5	-12	-123	-82	-58	-15	8	112	109	67	-53	-73	-54	-64	-124	113	98	-1	9	3	-127	41	-11	16	-60	-114	-64	-50	-15	-81	-101	-104	88	-87	-56	72	55	-41	29	-103	-120	-87	-128	53	111	101	-67	-86	24	-93	59	71	-114	60	-99	109	54	-26	91	-110	-20	112	125	121	42	88	114	-109	-78	91	-97	-16	38	-68	-57	-2	31	-72	-77	98	-40	100	22	88	107	124	32	-95	-12	18	-75	-121	64	-121	91	69	62	-119	1	-105	-70	76	36
56	53	-114	-64	-72	88	76	92	85	40	-108	-98	-95	-5	-89	71	-19	75	-76	-70	-116	109	88	67	59	-84	109	63	-99	72	70	-37	-4	110	100	-27	-44	-121	-64	125	25	-29	31	-113	-14	101	14	29	-63	-38	88	100	-1	-66	-113	36	86	99	-126	1	-103	111	-46	117	114	38	-54	-77	-56	126	61	-6	93	-117	67	-5	105	41	19	80	108	7	33	-39	15	48	19	-127	-1	-67	30	-45	-25	-47	85	-85	-78	-34	50	-51	-69	-1	-111	37	-5	-98	6	-57	-113	-9	-45	-92	-19	-12	72	56	31	-23	-19	121	-35	39	55	77	112	76	-11	75
-21	16	-55	-80	110	-72	-83	-103	-50	8	24	-116	-81	-120	80	-71	97	63	105	2	-33	124	-90	72	-12	-89	7	-29	-127	-19	122	-7	34	26	-48	-35	-16	100	123	77	77	6	27	-118	113	100	114	110	3	-107	-120	-88	38	-88	-117	84	106	-30	66	111	-10	-42	0	-113	88	40	33	66	-48	90	-45	110	29	-79	76	71	-68	45	-56	-28	126	58	-1	-30	107	-3	-116	92	-46	123	87	-80	-82	-38	83	120	81	-65	115	-56	-62	-63	60	42	8	-90	34	-40	23	-7	-44	-7	26	96	52	-114	-30	97	-91	8	-67	20	-56	-1	-69	-94	63	75
97	68	55	86	43	-79	96	-118	111	-125	57	31	-120	119	-5	-57	-5	-20	-105	-6	-96	-96	60	88	16	-116	-25	84	-17	101	110	-22	65	48	-11	-78	-3	6	-9	72	89	79	98	65	-11	-100	65	31	98	-94	-72	27	-61	-63	100	-44	100	-114	56	45	-116	-48	54	-76	-62	4	-64	35	33	127	-50	-76	39	48	120	61	-80	-83	-38	56	52	-48	64	-106	120	109	88	112	113	66	-10	27	-119	-2	61	64	41	-125	41	-80	31	-50	36	1	89	-26	-88	2	79	90	-103	-119	-78	-127	101	101	-75	29	30	14	-99	-28	-90	37	102	117	-83	-73
-79	101	28	-53	104	86	42	-93	95	33	101	52	-76	-52	83	111	-95	30	-31	31	8	84	-11	60	31	68	-69	78	-87	-95	11	82	84	54	-111	-116	109	54	67	-37	-57	-51	42	28	0	-17	117	-88	-93	71	-123	122	73	-15	-120	-58	89	37	-12	-39	-43	-88	23	-116	127	-31	35	16	-128	-22	-91	-4	-22	-85	-116	-37	75	-62	-63	-47	-51	106	24	99	48	-57	105	-27	96	90	-44	-28	-27	-31	-44	-47	126	-62	46	-77	-58	92	-1	-19	-86	-27	-96	13	47	-19	35	-3	-67	-32	-122	-117	-54	81	-128	105	54	-54	14	8	80	-84	22	-84
12	-65	23	-32	94	-128	-90	-85	-31	-51	46	-54	126	-106	-96	-16	1	-2	45	23	-71	-28	84	-108	127	68	127	93	-13	85	-111	-117	-9	68	-23	-119	-83	99	-27	61	58	-33	85	-1	90	124	90	-80	51	-39	-114	-89	28	49	122	83	-66	90	72	77	3	-82	61	34	-44	11	94	45	28	-44	86	-109	-83	-125	64	57	79	-84	-39	-10	92	-24	6	-93	16	16	-85	4	-41	111	46	-61	-31	-83	103	-16	70	59	45	21	32	-67	-70	124	-36	-15	91	-62	70	-108	102	15	-94	-118	-1	-118	-10	-36	-109	64	-71	61	-93	-109	-87	-95	-35	15
-5	121	-115	-77	89	-50	40	-48	19	-8	-33	-67	-120	102	110	-17	-25	-1	-82	112	-7	71	16	68	64	23	105	45	117	-99	97	-37	-91	-40	121	-104	-18	-121	32	66	-59	-117	-74	26	-56	-91	-7	86	-63	-18	-20	72	-2	-127	97	43	-51	-8	-74	39	-11	37	-128	-79	91	-23	-36	-66	47	106	43	52	115	-81	-109	77	38	-39	108	78	116	48	-77	-125	-52	-12	122	-13	73	-77	-52	-72	-123	58	-83	-67	95	-50	87	-106	-64	58	-119	-127	58	-116	-96	-55	63	63	90	17	-102	113	-16	-66	-11	-16	-72	21	32	-89	-77	-80	-56	-20	-36	72
-75	-88	-101	22	-97	-19	25	105	13	-121	-123	58	65	-54	-41	4	12	73	50	22	-62	-76	10	-1	124	-10	-84	6	20	-58	-66	6	-122	70	-5	110	-45	83	11	9	33	27	111	-101	105	109	-26	-80	126	17	28	-54	-50	50	-56	115	-32	62	-77	-101	-63	-115	-78	4	-94	46	32	-87	-48	-16	84	-71	46	25	43	3	116	13	10	-24	-4	-29	-52	-87	-89	-73	9	-34	-30	109	115	-26	97	-120	57	22	85	7	34	-22	67	61	-122	30	-14	-126	4	-126	-23	-92	14	-124	1	44	64	-10	18	47	94	-11	119	-41	-77	29	73	-28	-104	-103
56	-110	-90	33	-77	22	124	-120	-87	96	-10	-89	-55	-65	73	64	-69	115	-92	-88	-96	-10	99	-8	-100	-34	16	105	64	-54	3	-28	-74	-88	90	-81	-102	80	89	60	-48	64	46	-27	-83	119	109	-85	-36	-52	-124	-105	-78	11	39	34	-20	-87	-46	-22	7	-58	75	3	104	-120	-103	36	-66	116	-45	-46	-53	-11	117	37	109	-51	-103	-121	108	-7	-109	39	-53	62	68	-118	106	-125	50	-27	-100	31	-99	105	-101	120	90	-2	105	8	111	-53	3	-122	48	114	-54	-15	100	112	97	92	-58	126	-128	46	11	109	29	60	92	-60	-123	-62	102	46
-43	127	51	-30	-18	92	-31	29	-68	-44	-17	-4	-45	-47	-91	-97	-54	-82	5	-104	108	24	-51	-100	57	-108	-121	14	-21	-29	43	-29	-122	-36	107	-73	-28	-89	9	40	1	-108	-122	31	115	101	10	122	-9	12	111	-103	-94	6	-32	-40	8	59	66	-28	-53	29	-120	115	-106	100	-116	-73	-23	-110	-62	-93	-69	75	56	-36	45	76	30	-39	-48	-59	38	-84	-28	76	101	-55	-101	-85	81	52	-22	31	-115	127	55	78	-7	-109	93	-92	104	-1	-38	127	41	10	-63	34	22	33	24	-74	-41	-100	93	118	20	-27	99	-65	106	125	33	42	-107	15
-121	-123	-87	-60	-42	-10	93	-32	113	18	101	85	13	-105	1	83	-20	-25	19	81	110	56	22	37	-28	103	-59	-39	-55	65	95	29	-124	-77	12	-23	-75	41	-90	89	-64	30	2	-23	-102	59	-85	-124	126	93	-66	75	-34	16	-117	87	89	-108	-15	109	-37	-85	-108	86	-58	10	16	32	-123	-13	-13	71	-62	1	-68	120	1	-110	-84	-33	1	-68	-102	-59	-128	90	37	-102	-7	49	-29	-119	31	-26	67	-75	-16	83	-104	-15	-42	-41	32	15	93	-57	27	21	-53	-71	-111	-66	126	-87	17	-70	-76	90	-95	-45	-8	-9	87	14	67	39	-104	110
-20	-77	-74	-4	14	-63	108	105	-103	-6	-59	-60	15	-100	-72	-65	80	-63	-99	-47	-99	4	-87	115	-119	73	-113	-33	124	-29	-59	-16	117	-97	64	83	-22	-35	-60	24	-101	3	41	27	50	-127	38	18	-122	-53	-87	-61	-39	125	-7	90	-45	-57	110	-106	-50	90	-117	92	83	57	-8	65	39	44	-59	-110	-79	-58	122	-50	87	102	28	-83	44	51	-47	-75	-87	9	89	-110	-48	65	88	-25	114	-12	-105	-123	118	88	-12	35	24	-53	18	64	25	126	107	-63	-89	-48	90	-41	34	99	69	-46	35	-30	-107	125	108	-39	61	91	75	-128	51	112
-39	36	88	57	1	46	-126	111	81	50	-93	50	-79	-44	-37	-52	-68	-28	1	98	-33	48	-25	64	-115	-68	9	-33	-68	29	-97	-94	-71	-89	85	101	30	3	-20	-98	-29	57	43	-117	-126	-108	-83	-102	-105	99	-38	-77	0	-2	-116	-87	51	-84	16	29	-55	-125	8	-95	120	32	8	53	-13	-22	92	20	-66	56	108	-93	-30	63	-81	28	-39	-101	-126	32	57	-21	65	120	77	-111	35	46	89	-83	-121	83	102	75	-80	-61	-25	-68	-5	49	-78	86	36	39	13	2	37	70	-42	73	97	83	112	-116	54	-51	51	-46	30	99	-88	-26	-93	-59
76	86	18	12	-125	59	61	-1	112	92	114	-82	103	59	-38	91	-95	43	-53	17	-40	-42	86	79	-73	6	77	68	46	-39	-48	24	-47	86	22	-76	-105	27	32	34	45	80	8	104	47	37	-115	17	5	-128	-44	9	104	-4	-7	114	79	-109	-88	92	-24	98	75	71	-103	-22	-75	33	-117	99	-118	-28	119	71	-126	57	109	110	-93	-36	56	-29	126	-16	-44	126	38	5	56	117	98	-73	71	-57	74	94	-54	-70	94	-98	-92	-95	-99	124	87	-52	114	-55	-52	-70	-125	36	19	104	0	35	121	9	-83	67	100	118	17	-110	-56	42	22	-94
46	107	-109	91	-13	-103	111	-100	-113	21	113	-120	24	50	114	-110	79	31	109	-124	53	-56	-85	41	-15	-91	110	-26	122	-73	-26	42	14	-128	-122	84	-19	109	69	103	74	-125	76	-11	115	-58	-90	-82	-123	59	86	-86	69	24	-64	-108	-39	118	10	116	-121	-92	-42	-33	77	-95	-30	23	-78	50	81	87	97	-2	-6	101	99	117	44	-1	24	101	118	83	12	122	-99	-34	83	-105	-97	-11	-52	122	43	-20	-77	-108	-10	-33	-32	-90	-108	54	97	-4	85	-31	17	104	18	-127	-32	-6	-30	107	118	91	90	99	-81	-99	63	-37	81	1	-47	94
90	64	16	87	105	-12	-116	-99	22	-42	-73	-60	-94	-88	-103	59	36	22	90	-59	-57	-86	-3	-123	7	25	71	114	72	126	-100	-1	-7	10	120	-116	16	-7	-15	51	97	-79	23	19	-92	63	-73	-80	-42	40	62	-70	-12	2	53	-31	-30	5	-116	-73	-113	35	35	-123	-3	9	-18	-126	32	-42	41	58	123	90	42	-46	116	60	-112	31	-56	121	-79	109	-127	-111	18	1	95	-40	127	64	122	107	-96	-22	41	71	-29	-22	-27	-41	44	1	-22	-116	31	6	13	56	-45	23	106	-85	-82	-23	-60	1	106	-99	-36	-122	-91	33	-7	-86	81	-78
-112	-45	-68	125	-85	13	-14	76	127	65	-60	-19	-31	69	14	27	-120	-22	32	101	-35	-13	123	99	-91	99	-11	18	125	-128	108	-40	108	-14	-116	96	-126	-69	-6	121	-122	56	-50	30	-120	87	-51	-106	50	8	4	-37	20	-7	104	8	28	-74	84	9	-3	24	-56	-12	43	-20	45	-39	117	97	2	119	-59	-128	93	-65	17	56	105	42	-116	62	-20	107	74	-53	-39	-107	-102	-69	-111	86	94	29	-54	-81	117	-84	-36	-121	-100	-4	13	103	-1	-78	124	87	-47	92	5	115	-40	111	-83	-9	4	-90	-28	-45	65	85	122	120	-124	-41	-35	0
-89	-8	-128	63	-47	-116	-90	-35	79	-69	100	-64	105	53	-107	67	0	-71	-115	-85	39	120	75	2	-34	-82	-102	-99	101	-55	81	-125	-73	4	-19	113	76	-97	-21	-50	-45	42	-65	34	28	21	112	-96	-44	-75	-26	-75	-108	51	91	113	-72	8	-104	-113	73	-76	-16	-105	36	37	119	-69	47	90	64	96	-98	71	49	64	-126	-20	63	75	-81	-88	-112	-49	110	-82	14	126	-59	-59	6	55	111	-76	90	-74	80	69	-33	12	-75	-39	-70	21	91	-57	-84	-54	-118	-102	-93	29	99	-104	-128	23	83	14	8	-56	71	85	85	77	20	121	63	-35
-25	43	-121	74	27	41	-106	-80	10	-12	16	29	-31	46	93	93	81	43	13	-103	69	-76	15	100	-17	-61	-47	47	-108	-16	-99	79	113	51	40	76	-78	-94	-88	-33	-92	57	88	-88	27	-124	115	-84	-84	13	85	73	102	-61	7	-32	-120	-69	59	117	39	85	64	-49	-29	-95	-27	-65	15	73	-51	-24	-57	13	88	19	110	86	-11	-97	74	-39	-119	0	81	105	-107	101	-48	22	-85	66	-27	-126	25	-9	123	106	68	-34	2	-105	39	112	-74	-126	-93	38	-16	-91	119	-25	118	18	-103	-85	113	-56	-86	63	-3	51	-100	-43	-4	102	60	50
-75	-13	86	-113	-82	-33	-43	-96	89	11	79	68	78	-76	63	-37	32	111	28	98	13	29	66	58	26	-116	80	106	73	-15	30	-15	-43	-103	102	19	11	-39	-87	3	-30	-16	-35	-40	-101	36	34	127	12	31	73	-99	47	-7	-92	36	-58	-59	64	-38	87	-113	10	-70	-16	115	29	55	35	-1	107	-89	68	-84	45	121	73	-13	-15	50	-39	-92	123	89	28	-46	-112	-105	-34	54	-25	-36	111	-101	-28	64	35	68	109	-31	20	-110	51	111	64	17	-112	-78	92	23	60	-60	-7	-21	-78	58	-116	45	6	-2	-15	-104	46	97	-41	118	-65	-39
68	98	-45	92	26	-126	47	-112	123	-123	126	-2	-98	48	-19	50	76	-27	-41	36	-98	62	47	108	37	16	-83	84	-80	-20	-40	-53	107	109	122	30	75	-50	108	84	123	42	33	-40	79	22	84	-55	-77	46	66	-96	38	89	-124	-11	-87	33	35	-71	-94	-71	77	110	106	-31	119	-46	-12	84	-121	3	108	-55	-16	-48	-119	-7	105	-5	-48	25	-86	2	-48	-86	-59	18	33	110	-57	-66	39	-64	-12	125	-27	31	-76	-91	28	121	-58	-26	28	30	32	-106	104	114	-19	12	59	81	-110	21	-110	-99	46	-28	-14	69	-76	-45	127	6	116	-104
-39	26	58	-126	25	12	-32	-19	-50	-119	-51	-124	98	-31	-121	-71	10	4	-9	75	32	-87	1	90	-8	-93	-12	-38	52	103	-99	44	-36	11	-111	60	34	103	-124	102	27	75	106	116	-61	21	-26	-90	-22	-31	39	125	15	104	107	-105	-28	12	-37	-18	83	-114	8	-118	51	42	76	49	-3	-57	-82	-62	-94	10	108	110	-103	-45	-48	-38	-93	13	24	-20	3	75	56	-92	46	-53	52	-62	-2	-96	-123	-126	98	-69	24	-100	-119	108	35	79	-126	-3	29	-122	14	125	-50	-28	1	-70	76	75	-118	-81	-87	97	-106	-11	106	47	-64	-84	-19	46
-47	122	-65	-16	82	3	58	-98	-10	119	-72	-92	-23	61	-84	-124	89	-99	87	-56	25	60	81	-16	58	-41	120	119	26	23	44	4	-58	125	34	33	-117	86	43	58	119	-9	94	65	-115	48	-4	-120	108	38	-57	-75	44	60	-60	82	-16	-5	-125	-117	-111	-18	-84	105	-32	85	-109	-89	-103	-112	-30	-79	-112	56	0	-116	-106	47	-75	-101	-32	-62	-16	7	-127	-113	-37	19	-125	-28	122	-34	35	-55	-83	106	-39	-104	-118	-7	92	-121	-8	-15	12	14	-35	62	29	64	51	108	-125	-106	-33	-36	85	84	44	49	-62	-25	67	-75	-78	108	121	-62
56	-6	105	20	-35	-6	71	60	80	106	-88	-118	-96	-31	49	-98	-58	-125	82	-101	26	-87	13	70	-52	63	-128	58	-52	92	67	103	-111	-64	-15	-121	-8	-98	107	-1	-41	124	57	67	-119	97	5	57	86	62	-76	-117	65	-127	102	89	-101	90	-39	-45	56	-29	83	-101	99	-8	-29	114	-13	-66	54	121	0	-86	-79	44	-122	46	-4	23	-32	-72	-51	66	35	101	-108	12	-62	112	110	-30	-105	-23	28	3	55	-125	-31	-21	14	21	66	-38	-19	2	114	-87	56	-104	27	-50	68	93	-53	68	-32	-29	-19	40	-42	-72	82	-66	2	-119	-66	49
108	-117	40	101	100	-27	124	118	55	29	-42	-9	5	-87	-95	22	-7	73	63	102	100	6	51	82	-43	118	-60	44	-44	-122	114	107	-92	-19	82	-35	-121	103	20	-115	-27	70	66	-65	-107	90	72	-110	13	-30	-83	19	-13	75	-52	-93	66	-60	-23	-64	114	-91	22	10	98	29	-59	-90	-38	-41	2	-122	28	107	45	-58	-53	27	12	85	101	24	-30	-32	32	-62	-58	9	29	78	118	25	-109	44	50	-16	11	2	-1	-48	39	46	118	111	18	62	74	-20	-68	38	83	-17	-41	-65	-107	85	-14	-104	54	-54	2	127	-55	32	63	-95	5	63
118	63	-5	113	67	-9	58	-110	-92	43	27	-65	-77	32	-58	97	-10	5	64	-90	42	-111	62	-2	74	99	-45	96	-104	-97	-96	-45	106	-80	41	-92	113	81	-55	-2	0	3	-107	-116	49	116	33	-128	-76	37	-45	-125	13	-38	-54	59	-32	-60	-77	110	119	-66	89	-88	-123	-84	108	-117	19	-50	55	47	-93	-68	-122	56	-99	-128	-17	112	71	20	-33	94	30	-125	77	103	115	-58	16	47	28	112	110	-36	91	7	-84	-107	32	-21	78	-62	-98	-61	43	37	117	102	-97	55	-18	-28	-92	17	-52	88	27	-92	5	-82	5	55	22	54	66	93
-73	41	-80	-115	-85	18	-52	83	-92	4	63	38	42	-26	-107	-118	13	-69	98	56	59	15	-102	124	-114	-25	90	1	85	-50	12	83	-64	90	-51	123	-109	35	-73	-124	36	52	1	55	-111	-110	15	-99	46	-98	-6	47	-73	-10	6	64	84	-37	-58	92	31	-56	-33	-34	59	124	-9	108	-77	-41	-90	-107	-20	-17	15	107	117	110	-9	21	122	-63	-28	112	-109	67	-114	-127	-31	-44	1	-19	57	108	-116	-55	-117	-49	48	-96	-90	-5	127	-105	58	124	-32	-78	-37	-96	-104	10	-104	-39	98	85	7	-110	31	-38	-16	-63	-59	97	-23	-57	27	112
-42	103	-116	-28	-124	93	30	72	-128	-71	4	94	-78	-99	-2	33	-4	38	-94	2	120	-112	105	66	79	12	-26	-42	-32	100	-16	89	60	-56	-40	108	-100	26	-92	38	-32	-46	-2	-67	59	-78	29	57	63	105	-83	51	-110	-19	-78	-108	66	-88	124	-13	-12	70	-47	-29	-43	-50	18	-77	20	7	92	18	74	-95	-14	-22	119	-41	5	-22	-75	-64	50	24	-53	-10	-125	-10	-32	-106	-114	-12	68	87	118	-26	-89	58	-97	80	99	-69	56	11	127	-62	63	4	49	59	98	-42	34	120	18	-52	-33	-65	-98	-62	-87	-109	-91	-57	12	78	99	-79
116	63	-55	-66	41	-86	33	107	-56	19	27	-48	60	-39	-39	-54	79	110	-106	75	-56	-72	100	-64	33	-33	-15	67	107	98	-77	-9	83	-86	102	127	-16	-82	32	-83	-54	-110	-6	27	-75	-117	118	-52	-53	85	-84	-102	106	67	-108	-45	111	70	-60	97	-88	78	107	125	-106	-115	-3	80	-10	9	17	-24	75	-78	-110	-79	14	31	35	15	-20	-10	-61	10	95	-65	-102	-30	3	-84	-60	80	7	-101	29	-122	-123	-116	81	30	12	102	-3	101	57	-102	5	90	-3	-33	26	29	103	22	-58	73	-87	-3	-60	-81	92	74	41	61	-24	109	3	-52
