01111111
01111111
01111111
01111110
01111111
01111111
01111111
01111111
01111111
01111110
01111111
01111110
01111111
01111111
01111111
01111111
01111111
01111111
01111111
01111111
01111111
01111111
01111111
01111111
01111111
01111111
01111111
01111111
01111111
01111111
01111111
01111111
01111111
01111111
01111111
01111111
01111111
01111110
01111111
01111111
01111111
01111111
01111111
01111111
01111111
01111111
01111111
01111111
01111111
01111111
01111111
01111111
01111111
01111111
01111111
01111111
01111111
01111111
01111111
01111111
01111111
01111111
01111111
01111101
01111111
01111110
01111110
01111111
01111111
01111111
01111111
01111111
01111111
01111111
01111111
01111111
01111111
01111111
01111111
01111111
01111111
01111111
01111111
01111111
01111110
01111111
01111111
01111110
01111101
01111111
01111110
01111111
01100101
00111001
01001110
01110110
01111111
01111111
01111111
01111111
01111111
01111111
01111111
01111111
01111111
01111111
01111111
01111111
01111111
01111111
01111111
01111111
01111111
01111111
01111111
01111111
01111111
01111101
01100110
00110001
00011000
00001001
00011000
01100111
01111111
01111111
01111111
01111111
01111111
01111111
01111111
01111111
01111111
01111111
01111111
01111111
01111111
01111111
01111111
01111111
01111111
01111111
01111101
01111111
01111110
01111111
01100001
00100010
00001100
00000001
00010001
01100101
01111111
01111111
01111111
01111111
01111111
01111110
01111111
01111111
01111111
01111111
01111111
01111111
01111111
01111111
01111111
01111111
01111111
01111111
01111111
01111111
01110111
01110100
00101001
00000110
00000011
00000000
00010101
01100101
01111111
01111110
01111110
01111111
01111111
01111111
01111111
01111111
01111111
01111011
01100001
01001000
01010010
01100101
01111111
01111111
01111111
01111110
01111111
01111011
00111000
00110010
00001010
00000010
00000001
00010000
01010000
01110110
01111110
01111110
01111111
01111111
01111111
01111111
01111110
01111111
01111011
00111100
00101001
00001001
00001110
00010010
01111111
01111111
01111111
01111111
01111111
01111010
00011010
00010001
00000011
00000010
00000111
00111111
01110011
01111111
01111111
01111111
01111110
01111111
01111101
01111011
01111000
01110100
01011111
00001001
00000111
00001010
00011000
01000010
01111111
01111111
01111111
01111111
01111110
01111100
00011001
00001100
00000011
00000011
00111101
01101111
01111101
01111111
01111111
01111111
01111111
01111111
01011101
01000000
00101111
00011110
00011000
00001101
00110101
01010100
01011111
01110101
01111111
01111111
01111110
01111111
01111111
01111010
00011001
00001100
00000011
00000011
01010000
01111011
01111111
01111111
01111111
01111111
01111111
01111111
01010010
00101011
00010110
00000000
00000000
00001111
01001000
01101111
01110000
01111111
01111111
01111101
01111111
01111111
01111111
01100111
00010001
00001010
00000011
00110001
01101001
01111111
01111111
01111111
01111111
01111110
01111111
01111111
00110001
00001011
00001000
00000001
00000100
01000010
01100101
01111001
01111100
01111111
01111111
01111111
01111111
01111111
01111101
01011111
00001111
00000101
00000011
01001010
01110110
01111111
01111111
01111111
01111111
01111111
01111111
01111110
00100011
00000000
00000001
00000000
00000101
01010111
01110011
01111111
01111111
01111110
01111111
01111111
01111111
01111111
01111110
01010010
00001011
00000100
00000000
01011010
01110110
01111111
01111111
01111111
01111111
01111110
01101011
01001101
00001011
00000000
00000101
00000101
00100010
01110001
01111011
01111110
01111111
01111111
01111111
01111100
01111111
01111111
01011110
00011000
00001111
00010001
01101010
01111111
01111111
01111111
01100111
00110111
00001010
00000000
00000000
00000001
01000100
01101011
01110110
01111110
01111110
01111101
01111111
01111111
01111111
01111111
01111111
01111111
01111111
01111111
01000010
00000101
00001100
00010001
01100011
01111110
01111110
01101011
00101110
00001000
00000001
00000010
00000001
00010110
01101110
01111111
01111111
01111111
01111111
01111110
01111111
01111111
01111111
01111111
01111111
01111111
01111111
01111101
01000011
00000111
00000000
00000100
01011101
01111111
01111111
01011110
00010001
00000001
00000000
00000000
00000000
00101000
01111110
01111110
01111110
01111111
01111111
01111111
01111111
01111110
01111111
01111111
01111111
01111111
01111111
01111111
00111010
00000100
00000010
00000011
01011011
01011011
01010110
00111000
00001100
00000010
00011001
00100110
00101100
01001111
01111111
01111111
01111111
01111111
01111111
01111111
01111111
01111111
01111111
01111111
01111111
01111111
01111111
01111111
00101111
00000100
00000010
00000100
01010011
00110010
00101000
00001011
00000001
00000001
00110111
01001111
01100001
01111100
01111111
01111111
01111111
01111111
01111111
01111110
01111110
01111111
01111111
01111111
01111111
01111110
01111111
01111110
00011111
00000101
00000000
00000010
00110111
00011110
00011001
00000111
00000110
00011000
01001011
01100011
01101100
01111011
01111111
01111111
01111111
01111111
01111111
01111111
01111111
01111111
01111111
01111111
01111111
01111111
01111111
01111111
00000110
00000000
00000010
00000001
00000111
00000001
00000000
00001000
00101101
01011001
01110111
01111111
01111111
01111111
01111111
01111111
01111111
01111111
01111111
01111111
01111111
01111111
01111111
01111111
01111111
01111111
01111110
01111111
00001110
00000000
00000000
00000001
00000000
00000011
00010000
00101101
01101100
01111111
01111111
01111111
01111111
01111111
01111111
01111111
01111111
01111111
01111111
01111111
01111111
01111111
01111111
01111111
01111111
01111111
01111110
01111111
00111010
00001100
00000110
00000110
00001100
00110100
01001101
01100101
01111100
01111101
01111101
01111111
01111111
01111111
01111111
01111111
01111111
01111111
01111111
01111111
01111111
01111111
01111111
01111111
01111111
01111111
01111111
01111101
01111011
00011001
00001110
00001101
00100001
01111011
01111111
01111111
01111110
01111111
01111111
01111111
01111111
01111111
01111111
01111111
01111111
01111111
01111111
01111111
01111111
01111111
01111111
01111111
01111111
01111111
01111111
01111111
01111101
00111000
00101110
00101111
00111101
01110110
01111101
01111111
01111111
01111111
01111111
01111111
01111111
01111111
01111111
01111111
01111111
01111111
01111111
01111111
01111111
01111111
01111111
01111111
01111111
01111111
01111111
01111111
01111101
01111111
01111100
01111111
01111111
01111111
01111111
01111110
01111111
01111111
01111111
01111111
01111111
01111111
01111111
01111111
01111111
01111111
01111111
01111111
01111111
01111111
01111111
01111111
01111111
01111111
01111110
01111111
01111110
01111111
01111111
01111111
01111110
01111111
01111111
01111111
01111111
01111111
01111111
01111111
01111111
01111111
01111111
01111111
01111111
01111111
01111111
01111111
01111111
01111111
01111111
01111111
01111111
01111111
01111111
01111111
01111111
01111111
01111111
01111110
01111111
01111111
01111111
01111111
01111111
01111101
01111111
01111111
01111111
01111111
01111111
01111111
01111111
01111111
01111111
01111111
01111111
01111111
01111111
01111111
01111111
01111111
