00000000
00000000
00000000
00000000
00000000
00000000
00000000
00000000
00000000
00000000
00000000
00000000
00000000
00101011
00000000
00000000
00000000
00000000
00000001
00000000
00000000
00000000
00000000
00000000
00000000
00000000
00000000
00101011
00000000
00000000
00000011
00011010
00001101
00000000
00000000
00000000
00000000
00000000
00000000
00000000
00000000
00101011
00000000
00000010
00010001
00011111
00000000
00000000
00000000
00000000
00000000
00000000
00010100
00000010
00000000
00101011
00000000
00011101
00011100
00000100
00000000
00000000
00000000
00000000
00000010
00000011
00010000
00000000
00000000
00101011
00000000
00100011
00011100
00000000
00000000
00000000
00000000
00001010
00100001
00000110
00000000
00000000
00000000
00101011
00000000
00100011
00010110
00000000
00000000
00000011
00000001
00011000
00100000
00000000
00000000
00000000
00000000
00101011
00000000
00100101
00000000
00000000
00001100
00011011
00000011
00000000
00000000
00000000
00000000
00000000
00000000
00101011
00001100
00100110
00000000
00000000
00011010
00011011
00000000
00000000
00000000
00000000
00000000
00000000
00000000
00101011
00011100
00101000
00000000
00000101
00001111
00000000
00000000
00000000
00000000
00000000
00000000
00000000
00000000
00101011
00011101
00101000
00000000
00000010
00000000
00000000
00000000
00000000
00000000
00000000
00000000
00000000
00000000
00101011
00001011
00010110
00000000
00000000
00000000
00000000
00000000
00000000
00000000
00000000
00000000
00000000
00000000
00101011
00000000
00000110
00000000
00000000
00000000
00000000
00000000
00000000
00000000
00000000
00000000
00000000
00000000
00101011
00000000
00000000
00000000
00000000
00000000
00000000
00000000
00000000
00000000
00000000
00000000
00000000
00000000
00101011
