00000000
00000000
00000000
00000000
00000000
00000000
00000000
00000000
00000000
00000000
00000000
00000000
00000000
00000000
00000000
00000000
00000000
00000000
00000100
00000111
00000111
00000101
00000000
00000000
00000000
00000000
00000000
00000000
00000000
00000000
00000000
00000101
00001001
00001010
00001010
00001010
00000010
00000000
00000000
00000000
00000000
00000000
00000000
00000000
00000100
00001001
00001001
00000111
00001000
00001010
00000101
00000000
00000000
00000000
00000000
00000000
00000000
00000001
00001000
00001010
00000111
00000001
00000101
00001010
00000111
00000000
00000000
00000000
00000000
00000000
00000000
00000010
00001010
00001001
00000011
00000000
00000011
00001010
00000111
00000000
00000000
00000000
00000000
00000000
00000000
00000010
00001010
00000111
00000000
00000000
00000110
00001010
00000111
00000000
00000000
00000000
00000000
00000000
00000000
00000010
00001010
00000111
00000011
00000111
00001001
00001010
00000101
00000000
00000000
00000000
00000000
00000000
00000000
00000010
00001010
00001010
00001001
00001010
00001010
00001000
00000101
00000100
00000100
00000100
00000100
00000001
00000000
00000001
00001001
00001010
00001010
00001010
00001010
00001010
00001010
00001010
00001010
00001010
00001010
00000110
00000000
00000000
00000011
00000101
00000101
00000101
00000101
00000101
00000101
00000101
00000101
00000101
00000101
00000100
00000000
00000000
00000000
00000000
00000000
00000000
00000000
00000000
00000000
00000000
00000000
00000000
00000000
00000000
00000000
00000000
00000000
00000000
00000000
00000000
00000000
00000000
00000000
00000000
00000000
00000000
00000000
00000000
00000000
00000000
00000000
00000000
00000000
00000000
00000000
00000000
00000000
00000000
00000000
00000000
00000000
00000000
