20
75
45
48
36
0
56
89
108
20
56
78
67
58
22
0
83
71
66
41
108
61
106
0
47
38
66
27
100
10
45
56
126
67
86
37
76
121
93
66
36
82
66
102
127
72
104
0
29
33
119
117
127
78
127
75
50
77
115
122
20
18
87
127
19
38
124
25
107
127
67
98
29
88
91
88
97
127
0
127
127
83
47
127
127
81
127
122
54
42
120
70
127
40
67
40
125
127
127
81
0
127
21
127
88
28
69
47
127
77
96
97
25
59
34
101
42
28
127
18
24
127
92
122
58
52
127
87
0
57
67
67
92
127
127
127
16
127
127
41
108
49
88
14
109
86
63
69
14
73
81
127
61
77
119
89
101
127
127
75
127
123
64
25
127
37
127
50
127
80
50
22
127
21
82
127
127
86
127
101
108
38
85
0
0
87
127
55
33
97
127
1
27
86
34
78
123
51
19
59
127
117
91
108
69
127
127
127
65
127
60
0
127
0
65
127
60
57
127
127
127
88
33
127
24
127
34
127
127
127
35
127
97
39
127
127
91
127
45
51
100
127
71
127
127
127
28
90
80
127
0
27
127
64
100
127
0
127
127
84
98
55
111
86
57
94
62
26
127
78
59
127
112
127
85
127
59
59
77
0
127
21
127
54
125
88
57
59
127
62
111
75
97
96
65
51
98
107
117
100
58
80
57
104
94
106
127
127
69
105
107
127
127
127
1
0
49
113
73
124
65
127
107
103
122
102
116
46
91
127
39
127
90
47
127
124
6
127
100
83
57
60
16
76
46
13
87
118
102
24
58
118
119
8
88
48
105
76
115
127
23
127
57
53
44
26
110
102
65
127
99
127
87
125
124
0
127
49
92
116
87
100
125
0
0
68
67
127
50
109
99
64
111
127
125
30
75
109
5
102
55
1
116
97
84
83
118
64
127
32
25
127
127
41
83
77
61
74
127
127
58
63
59
127
96
66
36
91
10
79
61
127
127
127
127
44
127
127
109
49
102
82
21
93
127
3
74
109
58
55
76
127
66
33
127
103
127
36
106
109
20
127
112
127
14
89
123
127
127
38
127
13
0
127
97
77
0
91
121
68
38
69
0
70
127
33
118
6
127
15
91
120
98
127
68
72
0
61
65
70
127
80
119
0
127
57
127
20
31
88
65
127
26
127
127
108
4
13
0
64
83
38
127
97
11
100
6
118
127
39
127
96
22
121
89
81
84
15
29
113
62
95
35
79
51
109
127
71
23
127
105
76
127
43
66
18
98
49
127
118
104
81
94
127
97
76
106
36
72
49
127
122
57
127
102
32
61
127
68
127
86
71
127
58
127
118
58
108
127
0
127
16
111
127
127
92
111
107
58
80
37
73
94
69
127
127
127
123
94
69
127
127
89
49
127
56
79
109
18
48
117
15
127
54
58
111
127
67
87
63
127
101
39
127
0
109
127
127
72
59
0
127
81
66
127
127
56
56
96
127
127
115
122
57
127
100
127
26
86
55
104
41
113
32
126
127
80
2
127
52
109
66
62
50
67
56
126
103
87
110
84
42
127
5
127
127
41
19
93
109
55
127
106
84
106
45
111
127
98
55
127
127
127
127
22
72
117
98
83
85
127
86
84
127
86
9
127
59
108
30
127
127
48
2
79
33
127
95
127
36
67
113
127
60
71
127
124
127
30
73
127
66
122
35
65
121
112
127
83
0
82
113
107
83
127
94
74
0
127
48
127
29
59
72
17
71
11
127
41
90
127
87
76
127
127
57
51
86
95
102
50
79
127
73
72
29
127
51
103
127
127
72
15
60
77
106
127
71
95
127
120
106
127
0
90
68
99
68
67
121
100
127
68
61
39
127
127
20
0
102
53
91
86
53
116
39
82
68
123
43
127
127
1
127
58
91
50
127
126
107
84
127
0
127
127
62
114
20
127
52
70
99
59
51
127
127
76
0
127
93
108
24
116
46
127
45
111
105
100
24
108
36
120
88
8
127
119
54
88
69
127
84
127
29
127
127
73
90
79
95
0
21
127
0
127
33
67
77
101
29
101
42
127
126
106
121
90
17
45
45
67
91
127
70
127
127
0
127
109
90
127
54
75
127
64
83
127
1
127
43
127
96
56
0
0
106
36
102
45
126
90
125
108
120
0
127
69
112
105
127
43
0
28
127
102
127
69
102
95
127
0
108
93
127
62
0
109
80
23
8
85
32
127
93
17
87
52
109
104
125
32
86
106
0
127
80
23
47
98
127
70
84
93
127
33
127
98
112
69
109
81
0
68
59
127
127
36
70
58
69
78
14
98
118
81
45
59
119
85
127
17
127
29
16
21
102
52
82
53
0
60
127
127
92
95
105
31
99
127
0
0
68
127
58
97
124
68
115
43
83
127
29
78
127
67
79
66
104
0
126
0
124
127
63
70
65
106
23
98
35
56
54
39
127
16
127
73
35
59
127
64
127
127
87
29
103
96
127
95
124
79
81
51
67
60
127
79
80
102
127
13
49
64
127
88
68
0
88
86
13
120
127
121
60
86
96
127
2
68
29
81
28
64
127
81
59
127
46
101
127
15
60
127
8
83
28
125
23
87
36
127
73
91
37
86
49
110
113
127
118
101
127
112
22
127
77
127
111
103
41
122
125
127
10
61
127
59
119
69
127
0
127
0
68
112
84
127
56
27
127
101
75
111
83
27
83
127
31
79
127
118
51
118
127
53
127
8
109
127
56
48
77
127
62
0
119
29
127
103
5
107
100
125
80
127
96
127
93
0
127
46
35
127
127
62
55
45
127
127
108
88
102
69
94
121
39
127
67
124
126
115
127
68
110
88
62
109
86
9
104
124
119
74
127
18
43
64
127
127
78
25
127
97
99
127
79
96
11
87
82
43
36
46
72
12
82
110
93
61
125
41
52
0
127
127
0
74
82
127
18
70
22
127
94
65
78
96
127
127
111
13
80
0
80
127
91
104
48
127
121
30
127
86
86
73
57
127
69
60
84
127
124
122
102
112
107
115
106
127
96
0
127
66
74
127
71
9
47
127
41
25
78
65
0
105
65
53
127
99
0
127
61
68
112
119
29
127
29
127
55
2
91
20
69
61
44
127
127
81
127
124
27
55
116
89
41
120
80
73
55
75
127
38
82
124
71
54
29
76
107
127
127
43
73
19
127
74
116
66
40
127
127
125
0
80
100
112
47
12
127
0
62
127
49
0
65
77
75
115
127
4
119
77
116
127
31
68
22
127
116
127
127
117
0
55
105
113
95
50
73
61
120
74
20
118
119
74
87
122
38
81
127
71
110
104
127
74
81
127
74
127
113
127
80
127
76
127
87
36
127
127
50
85
127
127
21
127
113
20
111
24
127
0
52
117
120
87
127
127
127
120
127
87
81
127
90
122
8
74
95
127
124
70
126
20
127
112
56
127
70
102
42
88
106
4
127
104
127
55
47
127
89
127
86
127
30
119
127
42
83
127
91
74
28
79
58
103
44
97
90
98
88
82
87
76
57
20
127
127
45
9
127
42
13
39
127
71
12
49
8
32
92
127
37
82
120
83
109
66
127
127
69
97
127
57
96
111
127
104
67
124
127
127
82
80
42
56
127
112
127
127
47
110
24
23
127
15
76
65
101
80
26
29
111
127
78
54
111
29
127
34
127
127
79
127
120
127
85
48
22
127
46
22
127
27
105
96
56
79
74
127
102
29
0
85
127
31
127
127
0
127
118
84
127
69
81
103
109
126
86
127
99
127
52
102
127
40
4
77
5
38
92
66
38
52
17
28
29
127
127
29
115
127
61
88
100
127
70
127
98
59
127
127
72
69
69
127
66
127
0
127
37
90
111
127
127
112
73
40
46
127
118
31
127
83
77
11
46
127
120
93
127
127
101
73
127
84
34
117
127
70
127
100
51
127
59
1
127
62
80
71
112
126
32
127
88
51
45
127
89
117
75
93
83
89
127
107
83
39
78
29
127
127
61
67
29
19
127
72
116
127
31
106
77
87
96
66
127
67
77
78
44
110
82
27
96
0
41
78
34
127
70
56
67
127
72
44
44
127
56
83
0
85
74
76
104
39
46
127
49
102
64
7
127
22
96
74
25
33
127
127
57
127
35
121
118
110
77
127
127
127
31
108
35
127
19
127
0
127
123
107
12
127
57
30
127
95
127
127
57
12
127
93
39
25
127
123
37
57
0
115
104
0
113
127
47
45
69
83
127
37
84
112
73
0
87
48
45
28
127
117
89
22
60
94
127
127
121
67
68
91
26
127
127
127
65
109
72
0
98
127
38
73
115
36
102
80
123
63
123
127
127
30
125
53
127
127
81
127
66
48
67
127
127
116
0
7
85
27
36
12
93
55
42
127
124
47
127
67
82
120
61
104
12
58
79
93
47
127
74
95
22
86
102
9
126
127
127
46
2
127
0
127
58
127
102
124
78
115
127
34
0
120
93
75
127
0
69
78
127
0
112
127
95
55
127
127
99
54
46
127
69
97
27
53
57
127
66
0
108
112
69
81
33
102
127
69
81
19
44
49
89
57
127
28
127
74
63
0
127
127
126
60
28
127
106
126
127
127
127
0
92
127
119
103
120
77
127
43
100
127
127
40
59
127
66
64
36
4
127
110
12
106
118
34
69
127
119
79
63
127
74
0
110
127
36
107
79
121
39
61
55
109
106
60
47
43
75
127
111
27
77
127
68
127
23
75
62
127
71
103
15
127
127
41
25
127
18
112
55
70
127
79
18
34
26
127
75
127
101
127
52
50
127
127
126
15
127
49
127
127
0
127
109
110
127
0
127
27
39
83
41
83
0
114
83
96
97
43
115
61
127
59
127
20
59
127
127
127
40
0
127
108
63
40
106
26
88
127
127
71
29
127
124
34
34
127
80
118
17
25
81
127
31
109
88
94
97
64
50
127
101
72
127
82
122
24
67
127
39
94
32
127
127
32
57
127
71
40
99
127
127
123
87
4
76
53
121
0
127
89
67
127
77
99
60
127
123
127
56
127
54
73
127
9
105
123
37
127
63
58
119
127
64
31
127
0
127
127
102
17
83
86
79
68
41
127
127
102
69
61
65
102
73
127
39
127
71
114
85
61
81
90
103
31
127
99
127
104
98
113
0
35
127
89
28
86
7
127
127
127
21
127
0
113
24
54
126
91
127
9
108
114
24
91
50
127
127
127
127
48
104
85
80
104
127
107
0
76
127
88
118
87
95
82
85
127
114
78
127
41
89
96
117
84
58
127
59
0
127
18
127
127
127
69
60
118
101
14
127
127
58
91
88
74
0
86
127
73
89
127
114
94
111
0
127
19
127
114
67
61
127
19
88
127
88
127
119
37
12
26
100
98
127
31
127
34
58
40
104
0
127
9
83
41
127
68
48
93
60
107
127
110
61
99
70
48
89
61
127
97
127
86
89
81
38
127
11
127
109
81
115
127
116
15
127
109
127
77
92
64
86
78
14
108
83
60
127
25
127
92
127
31
0
11
74
91
125
127
119
127
56
56
109
0
127
96
57
127
113
73
127
127
127
97
115
44
33
127
82
116
127
127
123
120
43
28
17
127
119
76
92
91
127
101
8
99
127
68
76
38
55
0
52
91
95
127
57
127
72
82
86
51
95
39
4
93
127
127
85
101
74
74
84
127
57
117
0
77
127
127
11
90
93
90
113
33
127
98
30
127
0
85
69
103
96
41
127
65
91
0
125
34
112
127
114
127
0
127
127
26
109
25
93
13
2
95
107
127
86
127
12
34
102
127
52
127
70
112
33
127
117
127
127
127
127
0
127
0
93
92
127
60
127
126
88
0
96
127
100
127
16
127
0
37
127
16
60
99
127
127
83
127
127
79
1
127
61
89
121
80
102
69
98
127
45
84
0
127
90
127
127
88
71
49
108
127
116
127
60
94
18
72
87
67
44
57
0
119
104
52
75
98
86
110
98
77
127
83
109
127
127
127
20
52
35
82
127
28
127
58
113
92
108
127
0
127
74
16
37
127
45
58
105
81
102
127
87
127
4
64
107
10
104
127
79
96
112
127
74
99
84
127
9
109
112
11
71
105
127
69
127
117
106
66
8
66
49
127
0
127
0
20
76
127
127
127
127
122
127
71
54
84
6
64
58
127
86
127
92
104
62
87
69
111
69
127
125
117
29
63
107
47
42
35
127
127
108
73
113
127
51
127
0
47
123
127
88
67
107
98
41
37
16
81
127
69
44
127
127
34
120
127
127
0
21
56
27
127
127
61
127
118
27
57
29
91
92
74
54
35
78
50
7
127
74
102
119
105
64
113
108
53
24
81
29
41
40
62
118
127
116
80
127
127
0
61
110
0
74
100
75
0
127
127
20
58
37
47
127
127
86
127
89
127
22
0
47
80
87
83
64
112
116
0
97
121
55
61
127
86
103
77
89
108
0
46
75
119
127
106
19
84
127
38
68
42
47
127
68
11
127
41
68
68
12
123
124
95
127
0
125
53
127
72
127
22
127
26
127
96
127
121
111
127
122
0
99
56
56
47
49
78
127
79
127
38
127
103
127
78
95
101
127
127
1
59
37
86
115
47
127
84
127
40
42
40
127
115
79
53
107
101
98
94
51
93
74
127
117
29
42
76
35
43
0
127
61
51
119
55
16
127
127
70
70
121
127
57
57
28
33
101
8
106
47
127
127
0
68
127
101
90
31
111
52
98
30
127
89
74
81
31
57
106
55
120
45
90
127
95
127
76
127
114
29
63
100
127
11
10
127
59
127
127
101
102
30
62
70
117
0
88
56
127
109
57
93
127
86
127
127
85
79
82
74
125
44
67
62
49
127
75
70
127
102
31
127
127
118
73
6
127
22
97
85
61
120
77
99
67
127
105
23
127
66
127
48
12
96
68
109
127
51
127
92
124
75
121
77
17
127
52
103
127
52
127
86
106
31
29
52
127
39
127
93
116
127
80
78
12
127
39
90
31
127
55
127
48
78
123
14
127
84
62
127
87
127
45
111
93
11
115
64
126
0
22
127
127
127
52
100
127
127
60
15
71
81
72
5
127
0
88
59
24
127
45
12
88
80
52
127
127
89
95
85
127
36
8
108
127
60
65
81
127
90
33
125
0
93
61
127
83
79
127
51
0
127
89
92
66
53
125
79
0
62
124
64
127
21
73
57
127
127
118
106
89
83
83
127
65
127
81
0
119
127
66
127
90
64
53
21
33
103
63
127
75
75
127
127
0
72
127
62
127
127
92
68
124
52
1
68
127
89
102
106
44
54
120
127
127
127
119
120
61
52
127
40
127
127
127
84
127
109
112
114
120
57
127
56
90
80
97
67
127
73
127
55
88
109
108
78
88
104
127
11
98
94
127
127
34
104
117
102
75
127
102
127
14
127
44
61
0
106
28
54
108
22
118
94
127
23
72
21
89
98
27
83
127
44
25
125
52
90
127
118
110
127
74
67
58
41
127
29
127
21
127
127
108
11
88
127
50
64
30
79
10
56
68
127
127
58
21
77
44
58
56
84
126
103
34
38
53
34
107
127
27
127
35
69
127
66
58
98
127
103
31
127
90
106
66
127
97
95
24
39
117
88
125
59
127
53
114
43
64
0
127
127
58
127
47
127
61
58
127
127
116
84
92
36
29
127
69
103
94
103
127
124
0
64
127
0
127
96
127
58
54
127
60
106
70
118
47
58
101
81
33
51
71
23
127
0
127
16
29
60
88
83
16
118
74
127
76
121
75
41
60
127
127
127
65
7
127
124
107
89
105
115
127
97
51
127
85
81
127
102
127
127
49
50
91
127
78
88
77
89
103
94
54
115
37
106
18
47
0
77
89
42
119
122
121
70
61
80
72
72
58
87
44
77
127
127
127
46
41
77
114
32
127
55
127
60
103
36
125
34
70
27
110
41
45
68
127
50
24
127
123
97
127
73
127
57
0
40
127
127
87
75
90
51
55
109
96
103
98
71
68
0
127
83
89
78
115
72
127
91
127
52
47
17
22
43
65
125
89
93
127
127
89
25
100
0
84
85
66
127
15
127
76
127
127
9
127
38
75
41
19
75
16
60
65
127
102
59
127
18
24
127
100
61
69
127
127
121
67
26
28
127
51
115
127
37
81
121
13
127
19
127
78
59
127
127
96
110
96
127
127
127
94
50
52
54
76
124
17
127
0
127
89
58
44
87
52
127
100
127
40
127
9
33
47
58
98
88
127
107
93
25
0
96
127
84
65
95
120
0
127
64
88
109
89
60
127
127
0
127
127
87
8
127
43
54
6
116
127
127
14
127
76
111
127
61
42
73
75
90
117
126
38
127
9
17
82
67
124
113
127
58
127
56
60
87
120
72
122
109
24
109
89
61
127
90
14
105
127
127
89
114
43
127
7
107
31
127
98
50
78
65
127
76
90
48
43
83
0
31
111
127
114
126
12
127
72
79
127
127
28
113
67
82
127
102
127
127
100
107
32
52
87
43
105
113
127
25
33
127
54
42
111
127
127
77
54
127
103
106
123
15
86
43
15
81
90
127
30
84
127
60
127
0
55
0
127
15
96
73
32
58
58
86
42
32
127
106
75
120
127
91
85
100
127
127
60
69
40
81
24
109
127
0
61
64
87
22
70
16
127
122
25
84
74
71
127
127
115
28
127
18
52
98
127
29
124
23
91
74
77
127
62
68
37
127
127
71
70
127
55
127
50
64
9
71
127
80
48
51
51
51
88
55
127
85
63
127
48
36
37
127
0
127
127
104
107
101
24
127
84
25
33
127
58
68
127
122
127
109
100
103
21
37
0
127
0
119
21
73
127
24
104
0
111
99
98
82
118
104
34
127
98
94
67
127
97
95
0
127
75
127
0
127
127
61
127
51
100
127
39
0
33
86
108
46
81
127
46
99
71
127
77
51
80
105
85
120
49
0
75
0
62
113
127
103
19
74
45
76
106
101
127
92
121
70
22
53
127
56
8
127
115
42
127
97
85
125
84
61
86
57
38
127
5
106
108
106
116
127
127
97
70
16
102
91
53
88
127
127
85
65
17
73
57
127
116
82
82
121
95
41
127
4
38
127
125
52
127
113
127
90
71
127
78
127
112
109
78
5
105
127
127
108
36
42
114
78
57
0
127
106
44
82
103
80
81
45
100
99
99
3
127
49
127
127
30
85
127
33
51
121
127
9
127
61
104
127
49
82
98
0
35
125
126
60
101
65
38
62
127
122
127
127
127
60
67
101
127
0
127
110
121
126
53
64
12
94
64
126
25
127
89
80
70
127
127
39
115
17