00110001
00110000
00101110
00101111
00101010
00100011
00000000
00000000
00000000
00000000
00101011
01000001
00110000
00101111
00000001
00000000
00000000
00011010
00101101
00001100
00000101
00000101
00010100
01010011
00101111
00000101
00000000
00011010
00111101
01001110
01100010
01000011
00100010
00010010
01100010
01001010
00010011
00000000
00111000
01011101
01011100
01011010
00100101
00011011
00000100
01000000
01011110
01000100
01001010
01001100
01001100
01010110
00110111
00110000
00000000
00001000
01000000
01011001
01000101
00110001
01000110
01010011
00111111
00101111
00110000
00101111
00000000
00111000
01010000
01001010
00110000
00110000
00110000
00110001
00110001
00110000
00110000
00011011
00101011
00111101
01000110
00110000
00110000
00110000
00110000
00110000
00110001
00010010
00000000
00101111
01110101
01011110
00110110
00110000
00110000
00110000
00110000
00110001
00101111
00000100
00000000
00111001
01010100
00110000
00110000
00110000
00110000
00110000
00110000
00110000
00011011
00001011
01000111
01010110
01000000
00110000
00110000
00110000
00110000
00110000
00110000
00110000
00000000
01001111
01100000
01010100
00101110
00110001
00110001
00110001
00110000
00110000
00110000
00110001
00100111
01001011
01001011
00110000
00110000
00110001
00110001
00110000
00110000
00110000
