00101000
00001010
00001010
00001010
00001010
00001011
00001010
00001010
00001010
00001010
00001010
00001010
00001010
00010011
00100111
00001010
00010000
00011110
00100100
00100101
00010010
00001010
00001010
00001010
00001010
00001010
00001010
00001010
00101000
00001100
00011000
00001010
00000110
00011110
00010000
00001010
00001010
00001010
00010010
00011001
00011111
00010100
00101000
00011100
00011101
00000000
00000001
00010111
00001010
00001011
00001100
00010011
00011100
00100101
00101100
00110001
00100111
00001001
00000000
00000000
00011100
00001100
00001010
00010011
00100000
00101100
00001101
00001000
00011000
00001001
00101000
00001111
00000000
00011110
00010111
00001010
00001010
00001110
00000011
00000100
00011110
00010001
00001100
00001010
00101000
00010000
00000010
00100101
00010010
00101000
01000010
00111011
00000000
00000000
00010111
00001011
00001011
00001011
00101000
00000000
00010111
00110000
00011001
00010001
00001000
00001111
00100001
00001110
00011101
00001011
00001010
00001010
00100111
00000000
00010011
00101110
00011001
00000011
00000000
00010011
00010010
00001010
00001010
00001011
00001010
00001010
00101000
00000010
00011101
00011101
00000010
00000000
00000110
00010111
00001100
00001010
00001010
00001010
00001010
00001010
00100111
00000000
00001111
00000000
00000000
00010000
00001101
00001110
00001010
00001010
00001010
00001010
00001010
00001010
00101000
00000000
00000000
00011000
00010010
00001010
00001010
00001010
00001010
00001010
00001010
00001010
00001010
00001010
00100111
00000101
00001101
00011000
00001010
00001011
00001010
00001010
00001010
00001010
00001010
00001010
00001010
00001010
01001010
01001011
01001010
01001010
01001010
01001010
01001010
01001010
01001010
01001010
01001010
01001010
01001010
01001010
