00111110
00111110
00111110
00111110
00111110
00111110
00111110
00111110
00111110
00111110
00111110
00111110
00111110
00111110
00111110
00111110
01000010
01000101
01000011
00111100
00111110
00111110
00111110
00111110
00111110
00111110
00111110
00111110
00111110
00111111
01000011
01000010
00100010
00101010
00111110
00111110
00111110
00111110
01000010
01000000
00111110
00111110
00111110
01001000
00111001
00100010
00000101
00101111
00111110
00111110
00111110
01000000
01001000
00111011
00110001
00111011
00111110
00111110
00100110
00000110
00100110
00111101
00111110
01000100
01000000
00111010
00100101
00010011
00101110
00111001
00111110
01000001
00011011
00001111
00111000
00111110
00111110
01000010
00101111
00010001
00010000
00110100
00111100
00111110
01000011
00111111
00010110
00100011
01000000
01000100
01000001
01000001
00011100
00001101
00100101
00111101
00111110
00111110
01000101
00110111
00001011
00111001
01000100
00111010
00101101
00011011
00110100
00111101
00111110
00111110
00111110
00111110
00111100
00100101
00001010
00110110
00111010
00011000
00000101
00100111
00111110
00111110
00111110
00111110
00111110
00111110
00111110
00011111
00010000
00100110
00011110
00001111
00101011
00111010
00111110
00111110
00111110
00111110
00111110
00111110
00111000
00100011
00001001
00001001
00010010
00110001
00111101
00111110
00111110
00111110
00111110
00111110
00111110
00111110
00110100
00101110
00001000
00011011
00110111
00111101
00111110
00111110
00111110
00111110
00111110
00111110
00111110
00111110
00111110
00110011
00100110
00111000
00111110
00111110
00111110
00111110
00111110
00111110
00111110
00111110
00111110
00111110
00111101
00111110
00111110
00111110
00111110
00111110
00111110
00111110
00111110
00111110
00111110
00111110
00111110
00111110
