-12	-14	-13	5	15	1	16	15	1	-25	-8	8	0	-8	0	3	10	3	-11	10	-4	8	7	5	-12	-1	15	-15	-6	7	5	14	2	1	13	-11	-23	-5	25	29	11	-2	0	7	5	-9	-4	11	3	1	4	20	17	6	-7	4	0	-17	-5	-5	13	11	-2	6	16	11	-1	28	10	3	-6	-2	4	10	-8	-11	-1	3	9	-2	20	-11	-17	9	10	-6	-1	-2	5	-3	-16	-8	-9	10	9	-11	-15	9	18	10	-13	7	14	9	-5	-6	3	3	7	7	11	12	16	18	-11	-16	-4	5	2	-23	-11	18	9	-13	0	2	-4	-8
-8	1	5	41	-11	6	9	19	-16	-6	-5	-6	-4	18	19	-1	3	-18	43	1	26	12	18	-23	0	36	-16	-17	20	16	22	11	-16	12	4	-4	-13	22	5	-1	-7	-14	-1	-10	12	-27	13	-11	12	-1	9	5	-9	-4	1	24	-7	8	11	7	21	-8	12	3	5	-19	6	-13	-24	7	-10	21	-10	-1	-36	17	-5	18	-43	18	-8	-27	-4	3	-46	-13	-4	7	1	-24	-3	-20	10	1	-8	-9	25	4	10	-3	19	29	9	2	-25	25	0	7	1	12	-3	10	18	6	-19	13	-8	17	-14	12	21	33	-33	6	28	17	9	-7
22	-7	39	-2	-16	1	5	0	-22	-28	16	5	9	8	22	-16	-4	34	-4	-34	6	3	-22	5	4	0	-27	32	19	-14	-11	-34	1	22	3	7	3	-18	6	10	-11	-17	7	-9	-22	20	-15	20	-8	-6	-15	-8	12	-8	14	-9	3	18	2	3	5	-1	-3	-12	-16	-5	-27	-28	13	-2	4	-27	-6	-32	7	-10	31	-22	-1	3	-42	7	29	-7	-12	1	12	-29	11	-9	5	7	8	26	-6	24	0	-9	17	-1	-1	-3	3	-21	0	12	-2	-14	15	-15	9	11	24	-12	5	-14	11	3	13	-3	1	-18	-5	10	15	18	-24	-1
7	14	-11	-20	-20	-1	-1	5	-47	17	26	15	-23	21	-16	-4	16	-34	-14	14	-4	-4	-1	27	-18	-9	3	16	-19	-10	-6	18	8	-7	-16	-11	-3	-2	19	-16	-18	-6	-11	-21	-19	25	15	-1	-5	-22	-2	25	2	-3	15	3	-10	32	-17	15	-20	-4	6	-13	25	-35	7	-2	12	-9	-9	-19	2	2	4	8	-13	4	8	-18	12	25	-8	-4	2	14	-28	26	11	8	13	-13	13	-3	28	-18	-19	19	-17	-30	-10	18	-4	-10	25	7	-4	11	-19	-8	28	-10	-22	-20	-34	-5	7	-16	-24	-8	25	-27	21	8	-7	10	-21	30
-10	-7	-14	-1	-13	13	-1	-32	-6	22	-13	-28	12	-11	-16	13	-6	8	31	10	-13	20	2	-13	33	4	19	-33	-11	11	20	31	-9	2	13	-24	9	10	-6	6	-4	3	-12	1	17	3	9	2	-17	-5	28	5	0	-2	16	-28	20	-12	0	-9	-25	19	-16	-9	4	13	2	-17	5	-8	12	-31	20	-9	16	4	7	-4	-17	17	15	-17	-15	-26	9	-6	27	-1	2	-13	-34	6	7	34	-7	-27	-1	-18	-8	-14	9	-17	-23	-15	38	-9	-13	5	-25	46	-1	-27	-3	-30	10	16	-23	0	9	26	21	-9	50	-3	27	-9	5	-4
-18	-14	-2	3	10	-8	4	-14	30	21	-13	-24	14	-10	24	-4	1	5	-12	-43	1	6	-1	-11	14	-13	-33	16	32	21	24	-18	2	1	0	-19	1	-2	27	8	14	8	11	-1	41	6	-11	-7	-30	30	-11	2	4	-2	-17	6	-9	11	-11	0	8	20	-5	3	0	12	-5	-2	12	1	-25	36	9	24	-4	29	-15	10	11	22	-25	19	-14	-6	-9	9	-19	0	16	-3	-19	9	25	-3	-41	-16	15	19	14	5	7	-16	7	3	1	-40	-22	11	3	13	-19	9	3	15	13	-10	16	18	30	-17	-14	29	-13	17	-10	-8	0	-12
5	-5	17	3	-9	-11	7	18	13	-9	-10	-12	13	-14	-6	-12	8	-3	-11	8	14	8	-21	4	6	-24	20	26	21	-17	-14	-10	-30	26	-3	-15	34	-3	4	7	-36	18	-13	14	1	-10	-3	-22	26	-11	-1	17	-14	5	-29	16	20	-11	6	-5	15	-2	-23	17	8	-12	19	15	12	-21	14	22	-31	11	5	10	21	-7	34	-22	4	-29	-21	-4	-6	-2	13	18	2	9	0	7	5	-2	5	14	12	-11	-18	-24	11	-12	7	1	-15	-9	21	6	12	17	9	4	-2	-14	-8	21	6	7	-20	9	2	1	-10	-3	6	-4	-2	14
1	21	-13	0	-18	4	17	24	-2	-9	-8	-5	-12	2	-9	-9	-10	-27	-9	-14	25	-30	-8	7	-27	9	10	-4	-23	-27	-12	-15	19	32	-5	-10	5	-6	-7	-31	6	12	10	-3	4	26	-16	0	0	-21	16	-6	-22	-5	17	19	1	-13	7	-4	13	-23	-3	9	-20	-3	1	-5	-2	9	20	-23	-14	-17	-2	-32	13	-16	0	-22	24	-17	13	8	-1	13	11	7	-13	-20	-13	-10	-9	-11	-16	-10	-17	2	-23	37	-8	-4	11	-10	13	5	22	-15	23	8	-14	-14	-34	8	44	2	-11	-22	-7	-4	-7	-11	-11	15	7	-25	26	19
1	17	-18	-11	12	-24	-4	4	0	13	-18	5	-9	-4	-16	-15	-8	12	6	0	-15	-42	11	18	10	7	-3	-13	-17	-6	-7	-2	38	-1	-37	12	-15	8	-49	-4	9	-16	-15	34	-20	-12	-19	-34	0	7	24	-35	20	-5	11	-25	-25	-5	18	-24	-6	-3	17	-27	-2	1	-10	-6	12	-3	2	-15	23	7	4	28	2	19	13	16	5	3	11	-11	-6	7	5	-22	13	-16	-36	19	-21	-15	-23	0	29	-7	4	15	-15	9	-18	23	-9	4	7	-33	15	-26	-4	-10	18	38	-6	-7	-21	-12	-1	-8	-8	18	1	-2	-28	-1	28	-7
4	-12	-18	30	-1	-11	22	1	0	-21	-11	-11	6	-19	-1	10	8	0	0	2	-30	17	17	0	-16	-14	9	-24	-17	-14	-10	12	-11	-9	-32	9	-5	-20	-1	24	-18	2	17	-11	-44	0	5	-2	31	-4	-14	9	1	0	-15	5	-22	19	5	-12	5	26	-25	6	-7	17	16	-8	-16	-12	-2	4	4	4	10	20	-21	8	-4	-2	-19	20	7	-15	27	2	-23	3	1	-34	7	7	3	-3	3	14	2	-12	-9	-22	-10	-3	8	11	-17	1	-32	22	-28	-13	5	-3	6	-4	-13	-22	2	4	25	-2	10	-3	-2	12	-20	15	-14	-11
-15	-28	36	-8	-3	5	30	-7	16	-19	-12	8	0	4	7	6	-10	-5	-12	-11	-13	21	-8	7	-5	24	4	-8	-14	1	1	-1	-1	-3	17	-2	13	5	17	-8	-7	2	-16	-36	9	29	16	6	25	10	-8	-2	8	4	8	-7	1	27	-49	27	26	-12	14	-11	1	0	-1	-9	5	18	-15	-21	-15	2	9	-13	-9	-19	-14	-9	1	13	6	-15	4	-24	7	13	-40	-5	18	11	5	2	6	7	-5	10	6	-13	5	1	6	-35	4	-24	27	0	-17	13	-11	-9	-8	-4	-17	-2	12	24	-7	-13	8	-23	15	6	-4	-4	12	3
-24	34	20	-17	-21	4	-13	14	-15	-14	26	-15	-13	10	-12	-6	-20	2	3	2	25	-25	13	-12	15	-42	12	-5	3	17	-6	21	1	7	7	2	3	1	5	-32	1	10	-3	23	32	12	-19	16	-18	6	-31	-14	4	-2	-13	-2	35	-22	0	24	-14	-26	4	6	12	-20	8	13	0	-6	-32	10	-10	28	-25	-11	5	-9	6	-16	35	6	-5	2	7	26	7	-27	16	-6	8	-3	-30	9	-23	8	-20	-17	-10	-12	5	-10	-15	-10	12	39	-8	-12	-8	26	-4	1	2	-35	22	23	25	-8	-11	-14	23	7	8	-28	-12	9	7	-29
11	11	-7	5	5	24	13	-9	-22	5	19	-19	9	-17	-5	8	20	5	-11	-13	-12	-24	4	-23	7	-6	33	1	21	0	22	13	10	7	-1	-6	8	5	-2	18	-6	25	4	10	15	-7	0	4	-1	-20	3	2	3	-23	-9	-1	-15	-17	-6	-2	-7	14	14	2	-22	34	10	12	-12	1	16	13	17	22	-34	40	-12	-36	-9	22	9	14	-8	23	-32	-1	-37	-15	1	2	3	-7	-5	-4	16	23	-13	-6	15	-26	3	1	-8	8	16	-19	-4	2	-2	-5	-5	-38	1	-21	12	-1	3	-23	8	29	0	33	-7	-17	24	-16	-6	13
20	14	-8	7	3	0	-2	5	9	13	-9	-41	14	-23	16	9	11	7	-19	-10	-15	7	-16	-15	-15	25	-1	-7	-21	-17	8	-8	27	-31	12	-7	28	-17	17	-29	19	6	4	18	-6	-1	8	-6	-13	12	12	-5	21	-15	12	12	11	-39	13	9	4	7	-26	-38	8	34	-17	-2	-25	-3	-3	6	28	-14	22	21	-42	-10	30	37	-17	-3	-22	-9	-17	-8	7	12	6	-7	18	-37	21	-35	3	-20	-23	34	-29	2	-25	-5	-15	-5	2	3	9	10	-20	-10	-14	-6	3	17	10	9	-27	-13	15	-11	2	-21	-6	-7	37	-11	29	3
-13	0	-12	14	-3	9	7	-20	16	-2	-41	2	6	-13	8	4	-13	-11	8	-6	-10	-3	-7	7	10	35	-9	4	0	0	14	31	-7	3	-26	14	1	10	-23	-4	28	-10	8	-12	-19	16	13	-3	-5	13	-1	7	11	-5	19	25	-28	-4	27	-4	9	-1	10	6	10	-26	-5	-8	-10	21	-7	28	-9	-35	14	-43	-9	5	9	-27	-25	-3	17	-3	11	-2	-28	16	-32	6	-11	9	-13	0	8	-37	32	-12	-20	4	4	8	-22	18	2	22	-2	-42	-18	9	-23	3	-4	2	13	3	16	21	7	27	7	10	15	36	-15	1	-31	-20
-16	-16	18	-12	-11	9	-9	0	-5	-26	6	27	-19	8	31	8	8	-10	12	-19	23	-8	3	-15	24	-7	-14	-13	-6	22	24	-12	-9	-17	20	-8	15	-35	-26	35	-2	1	-16	15	9	20	-23	3	-14	-3	30	12	-21	18	0	-5	-13	22	6	-10	15	13	-6	-15	2	18	-9	-5	13	-12	4	5	-19	14	-3	-5	5	3	-6	-22	44	5	17	-6	24	-36	21	-26	-17	30	-20	19	-17	4	-29	8	33	-2	4	29	-1	-10	15	9	17	-16	-3	-11	17	-10	10	-6	32	-5	21	-2	4	-18	12	-1	29	10	24	-18	-9	14	6	13
18	8	-4	3	0	-14	-14	2	-4	14	-5	0	-23	16	-3	0	-13	1	-23	25	-32	-10	-13	8	18	-6	-5	-4	-14	4	4	-3	-18	21	11	-36	-6	-30	27	-9	1	-22	43	16	9	1	-21	-25	5	39	-15	-33	-11	-15	2	-16	16	11	-11	13	-10	-13	-22	-5	19	-14	-35	38	-21	-15	18	-11	8	-4	-9	23	-27	3	-4	18	-8	-29	-17	0	-9	9	-22	-15	33	-16	-12	-34	12	-6	-4	20	-13	-31	5	-26	-6	-18	28	11	-25	-9	-2	-1	10	1	14	28	-4	13	-23	-4	-8	1	10	17	2	1	-3	2	19	-5	-15	-22
6	-22	3	-10	15	-10	2	20	4	-5	2	5	12	-2	-30	20	-8	-25	22	8	-5	24	-1	1	-9	-7	5	10	-5	25	4	3	-5	-1	-19	7	5	2	15	-20	-13	33	0	-21	-8	-28	-13	7	51	7	-14	-13	7	8	18	-3	25	-13	0	20	6	-2	-14	24	-8	-36	24	-4	-12	-4	9	-7	-14	-19	8	-32	21	-17	32	-15	-31	5	-2	3	14	-24	10	35	26	-24	3	13	38	-13	16	-26	-19	-26	8	6	-13	10	-11	-4	3	8	-18	11	9	-10	7	20	-4	-19	18	9	21	3	39	4	-8	3	-14	24	-29	-13	-14	16
-23	-16	13	-24	8	-10	18	-8	19	-11	8	10	10	-9	17	12	-17	27	-7	-17	-12	12	-23	39	-11	6	-6	6	2	28	-1	1	3	5	5	-3	2	-24	3	3	41	7	-2	19	-9	-8	15	13	12	-11	-7	-3	7	16	-9	16	-6	-8	25	17	0	-7	-11	6	-20	11	0	4	5	-13	0	-13	6	35	-5	10	-7	15	-23	-9	-7	3	19	14	-24	-15	20	28	-19	17	19	33	-33	10	-16	-10	-20	17	30	27	-13	28	-3	0	-10	-32	21	34	-11	7	11	-11	-1	-25	21	-11	-18	0	-23	-9	-14	17	-2	-15	-18	5	13	3
-18	18	-21	22	-23	0	-36	12	-2	-21	8	-6	-22	0	3	-8	4	3	-3	-2	12	-6	5	-16	-8	28	-4	-21	25	-11	7	4	-8	-8	-18	-8	-9	21	10	15	17	-10	10	6	-16	-10	-17	13	24	-21	-29	14	5	-10	0	-8	-11	30	-4	2	1	-25	20	-21	-19	8	17	6	-23	-21	6	9	19	-2	3	3	-10	-1	-16	-8	33	-13	1	4	-1	35	24	10	4	1	-7	-14	-3	12	6	-7	17	20	0	-32	18	-7	31	-8	-20	39	31	-18	-13	8	-6	-5	-11	11	-19	-24	-1	10	10	-13	19	-7	7	-24	-2	-2	-1	10
4	-20	10	-24	15	-18	18	6	-11	17	-4	-20	-2	-14	30	-17	-4	18	-13	-17	-5	-25	1	-27	30	10	-43	11	-14	-8	38	-10	-33	25	-32	14	4	24	7	10	-14	6	23	-8	-12	4	2	49	-12	-28	3	6	-7	1	7	-2	-3	10	-18	12	-33	-20	3	-35	-2	-1	1	-19	4	0	40	8	17	-2	8	10	-1	4	-15	12	-27	-24	2	18	-4	10	-25	-3	-13	6	-1	-16	5	15	-18	-4	19	-8	3	-2	-8	-3	-8	1	17	3	6	9	-1	14	-3	-4	0	-7	-25	1	32	-10	-4	-7	-21	-1	-10	-11	3	6	6	-3
-6	-7	18	-15	-3	-24	1	-8	-1	-26	7	-1	21	-9	0	-35	33	-6	-27	41	-30	3	-6	-2	11	-10	0	1	-13	28	-21	-17	27	-19	-5	15	22	-15	17	-13	-14	22	-19	-23	16	1	32	14	-13	9	24	7	-20	3	-6	-9	10	-20	24	-40	3	21	-12	20	-2	2	9	-3	-23	1	-4	-3	-16	8	-12	8	-6	4	3	-12	-31	36	34	-2	-4	4	-3	3	2	-4	-2	-25	42	4	-28	-10	-4	10	0	27	-2	12	-8	14	-6	-8	-3	2	16	0	19	22	-16	-17	10	33	-11	-28	1	-14	13	-2	-4	-18	-16	26	3	1
8	1	-8	-6	-40	12	4	12	-7	-30	11	2	-31	7	-31	38	10	-13	17	-12	-3	29	-18	5	-14	-21	-32	-12	25	11	-4	32	-55	11	4	11	11	-17	-7	-10	6	-16	-4	6	-12	-25	37	-15	-9	6	-17	2	-5	6	2	7	11	22	-43	28	17	-15	-11	-2	3	38	6	-28	-17	30	13	12	-6	13	-5	-6	-8	-8	15	10	18	19	1	-23	-6	4	2	15	7	-2	-7	12	24	-8	-9	4	-19	17	-37	11	-8	5	19	3	6	2	11	14	17	15	7	23	-27	16	30	-17	-14	10	-11	9	-9	6	1	0	2	5	-27	-11
21	-19	-10	1	21	6	-11	8	-24	0	-19	-5	0	-6	9	38	-24	5	9	5	10	2	-13	-3	-14	-21	7	17	29	3	5	-33	-14	10	-1	23	-21	17	-1	6	-13	19	5	-18	-36	48	-4	7	-3	-3	-12	0	20	10	-36	5	15	-39	17	26	-15	-2	14	18	32	-3	-30	-6	18	7	17	-26	2	-5	6	14	23	2	-14	-18	-16	-12	-4	-21	7	-19	11	-3	13	-2	-15	24	-19	-24	0	-14	12	9	23	-2	-12	6	14	-13	-15	18	12	-3	8	9	-5	-9	12	29	-9	8	-8	-14	37	-16	-2	-25	7	-28	10	-14	-3	-22
2	2	-1	17	9	-26	9	15	-14	13	10	16	-2	0	15	-8	-34	-5	15	-12	-9	1	1	1	8	3	-18	-13	10	-19	-37	1	10	-6	7	10	-23	1	-17	-31	18	-22	-6	-7	25	31	-16	24	-37	13	-4	17	-2	-22	-10	13	16	3	19	-33	9	6	23	8	-22	-31	-5	-10	6	-13	-8	-30	-1	6	9	3	-10	-22	-22	-22	20	-9	4	-8	-14	0	-16	24	-7	-20	-6	4	-12	-14	11	12	22	0	10	-41	9	-11	-11	-3	11	-15	0	-3	-2	-9	-23	22	-6	-9	15	-20	-27	10	-3	-14	-39	3	-14	-1	10	-21	2	12
6	-8	23	-3	-19	13	17	-29	-9	19	4	-25	-10	13	9	-22	1	-4	-13	-28	12	-12	12	-7	-11	-27	-30	14	1	-44	28	-4	9	9	10	-8	-12	0	-21	0	1	-38	30	15	9	-21	-4	-30	30	-7	17	-30	-2	-36	18	60	-10	26	-13	15	10	-18	11	-16	-23	21	-11	2	-4	13	-17	-12	3	14	-16	-31	-18	-20	2	-1	-6	24	-16	11	23	-9	30	-15	-3	-23	19	-14	-15	17	-3	34	-20	-20	-30	13	-11	5	25	-7	-7	-4	-16	10	0	-4	18	9	11	21	-13	-21	16	15	2	-19	0	-6	8	23	-46	9	-13	9
-2	-10	20	-7	32	-5	11	-8	9	23	-38	17	16	17	3	-25	1	22	-20	-13	11	24	-1	-9	-33	-5	-3	14	-36	10	18	0	-8	2	1	-20	19	15	5	26	-9	46	-5	-15	-13	0	-17	16	14	-6	12	-10	1	-9	24	-10	-15	-28	-9	-9	-1	-5	15	-16	21	8	-17	-6	0	-17	-34	-19	29	-10	-11	24	8	4	0	-15	33	-22	-1	13	0	20	7	-44	35	-15	25	-19	19	26	-18	-3	-30	-5	24	-33	1	40	-17	-6	29	-7	13	4	8	-10	7	-16	10	-8	-41	17	-3	2	-27	0	3	17	20	-36	0	14	-3	2
17	18	-13	16	3	-9	-1	0	17	-2	-3	41	25	-26	-20	-7	4	5	-14	17	17	-13	-9	-16	6	6	4	-18	-16	15	-32	13	-13	0	12	-2	12	-15	-4	1	9	26	-26	-19	9	-26	-4	23	-19	18	-33	23	-4	29	-5	-2	-20	1	-2	9	-2	13	-28	18	13	-4	11	-5	9	4	-16	-1	15	-14	11	0	-19	3	-9	30	4	-5	31	3	-1	-2	-42	20	13	12	-8	-6	24	-20	29	-28	14	-6	-8	-18	32	-25	-17	12	-4	-19	23	1	11	-1	8	5	-5	-22	9	22	-26	1	-6	-34	-5	9	-12	-19	14	-10	20	-9
22	-8	-6	-9	8	-4	-25	16	14	-33	10	-2	-19	-47	3	11	-5	-9	6	23	-5	-5	-12	-12	-15	-7	7	-3	13	-15	-17	0	-8	11	10	-13	19	-17	-15	16	0	-21	1	11	13	-31	30	-6	-15	-31	6	0	-9	-14	0	-23	9	-9	-7	-23	-2	13	-10	32	-6	18	5	-10	3	-20	-26	18	2	16	10	-24	-21	-4	15	7	0	18	-13	-8	-9	-3	8	36	-20	-5	-23	23	6	14	10	-21	12	-13	12	15	-1	-19	27	3	-10	4	18	-10	2	-17	24	-3	-17	8	18	-17	-5	3	-9	-9	8	15	-34	11	-10	12	-28	-20
-25	19	-16	25	-40	-2	-18	40	-3	-6	-1	4	-33	30	17	-8	7	-3	-24	19	-24	-10	0	-5	-17	20	-9	1	-22	0	17	9	7	8	-13	13	-12	-9	30	7	-10	-11	0	6	-17	-15	15	-19	17	2	13	-20	-25	-9	-14	13	-27	6	-12	-4	17	-11	27	1	19	-15	-24	4	-1	-3	25	44	-11	23	-23	-4	16	14	15	24	-21	11	-4	15	-2	-2	16	1	-21	4	-5	14	-19	-10	-36	6	-4	10	-21	15	-4	-11	22	-36	2	18	1	11	-8	5	-1	-32	31	10	1	12	-5	-36	-13	-14	11	-6	-6	30	13	11	-9	17
16	-3	1	-22	-4	-16	19	-26	-17	-32	10	-14	7	12	-8	1	-4	6	15	-20	-3	6	-7	-5	15	26	-18	-9	5	4	-16	1	-21	36	-17	34	1	23	8	-34	28	-7	10	4	-21	33	17	6	10	-19	15	-21	18	-12	7	-11	-7	12	-5	32	-12	20	-7	0	-7	12	-10	17	-7	-1	5	-4	21	7	12	2	9	38	0	-28	-10	-5	16	-2	-15	-6	-12	-46	10	3	-13	10	-1	12	-18	19	-4	6	4	13	-17	18	-29	-9	15	10	-37	4	-6	7	-22	16	19	6	-7	10	-47	10	-10	12	-6	-4	20	-2	-2	-4	-2	-4
30	-18	-5	-14	-9	22	-7	-22	-13	-6	-4	9	-25	13	-21	1	2	22	-5	-8	13	-6	-2	-9	12	-24	8	21	31	-21	15	18	19	7	28	-9	21	-14	-33	32	-11	-10	1	-14	12	-1	-16	-25	-5	-13	2	4	28	-9	4	-5	9	-15	19	-14	-7	25	3	-2	1	3	1	-29	-5	-3	22	25	5	7	-4	-10	42	-10	-33	-2	0	-11	5	0	7	-19	-6	11	11	-17	34	-12	10	-1	0	-7	0	-2	13	4	7	-4	-30	9	-16	-18	-6	-14	20	-12	12	2	10	-19	-15	-26	-3	-8	-6	5	33	4	5	-6	-4	2	-19	6
-16	15	-13	-11	0	15	-3	-9	-20	-15	13	-11	8	19	-21	8	-8	5	-33	24	-44	-9	5	-33	13	6	40	1	-22	8	8	19	6	7	5	0	0	-34	17	2	-28	4	6	-8	1	-8	-19	9	14	-18	5	21	-3	-11	-5	10	-23	23	-15	-13	28	-13	5	-17	10	-16	-27	-13	8	-9	34	5	-16	-21	18	4	10	-25	6	11	-40	22	13	-4	-24	-2	5	2	-33	13	3	16	-6	-15	5	6	15	-2	24	-38	-2	-28	16	-29	-10	12	20	-31	21	-18	21	-17	-35	-10	7	-18	2	-5	7	16	14	-20	-8	-4	12	-14	15	-2
-21	-11	-13	3	19	-33	18	-8	4	20	12	-8	12	2	-13	37	-1	-9	12	-13	-15	33	-19	34	23	-1	-17	-26	1	29	8	18	10	-5	-26	11	-22	-16	17	-25	7	11	-1	-3	-24	-2	-6	15	-24	16	33	-9	16	-28	11	-3	37	-11	8	15	-7	11	-42	31	-7	-24	5	22	19	5	14	-18	-28	33	17	2	-14	-6	13	-28	19	46	6	-6	-4	14	-33	-6	5	16	8	-2	-33	-14	7	18	-34	-3	-16	-19	-9	-5	-3	16	23	9	-20	27	-17	10	16	-18	11	30	-6	-10	-14	6	31	-5	-23	-11	29	-19	12	-26	8	19
-15	1	-17	24	-24	9	-4	5	14	24	-1	9	-5	-2	6	4	7	-20	-15	2	19	-7	1	8	-26	1	3	8	7	6	-1	-6	-12	-21	-8	2	-2	12	24	-31	20	-45	-10	-2	-10	-4	20	-4	-23	41	-7	0	9	-27	33	12	-1	9	-14	-4	0	-22	11	22	-20	13	11	-10	-8	29	16	-29	-9	10	-9	-10	-7	33	-11	26	15	-33	-1	-16	-4	-22	-14	6	29	-8	-8	-10	-12	23	11	-28	-12	-7	3	11	-6	-4	9	20	-16	-26	18	-9	24	-1	-14	-7	26	-8	-24	20	-15	27	-5	-26	0	47	-13	17	-27	27	24	-19
-2	-3	22	-21	-10	-1	-9	15	-21	-9	5	-17	30	11	14	-7	22	-8	12	-13	-9	-4	17	-31	18	30	13	4	9	8	-5	-7	-15	-10	0	-3	-17	-4	-27	-2	-7	5	-14	-13	26	-7	1	-30	31	-2	2	-10	-23	29	9	0	-11	-15	24	-17	23	6	31	-6	7	-1	2	-2	4	-3	-5	-43	19	9	13	-28	44	-13	2	3	-21	4	-7	-2	-18	18	-22	16	-3	13	11	-7	8	12	-38	-16	-12	15	-10	4	6	36	10	-14	-26	29	2	6	-2	-12	-3	20	14	-27	10	0	0	26	-19	5	40	-14	-21	-21	14	45	-19	-16
-11	-8	9	-25	-16	28	6	14	-13	13	6	24	-29	-7	-5	-27	-6	4	-6	-10	-2	26	-41	1	18	-8	-33	4	-3	-16	-4	-25	-15	10	31	-7	-17	17	-12	-13	-6	2	-30	-7	23	-3	5	17	15	-21	-8	3	20	22	8	11	2	35	-15	-11	7	19	-17	2	-28	-2	2	13	-10	0	-11	18	15	9	-39	30	1	-10	12	-14	30	3	22	-14	4	-35	0	-10	4	9	-11	-12	11	7	-9	-8	-8	22	-2	10	17	-11	-7	-45	11	0	-7	-12	-30	7	26	21	-20	23	13	-8	17	-8	18	16	-5	-18	-6	-8	15	-5	-21	19
-31	9	-3	-8	4	15	10	-26	5	14	4	-20	5	-22	4	-6	20	-18	-10	1	11	-30	-15	11	-20	2	-10	12	-22	25	8	-17	14	20	1	9	0	11	-33	-8	10	-33	-4	21	-6	29	-14	22	-26	28	-15	7	5	1	-31	9	7	-5	-31	8	10	-8	-5	-2	28	16	9	-16	8	19	-15	-9	-7	8	23	12	-32	11	-12	29	6	-15	-1	-10	-30	-16	16	10	-7	13	-5	22	17	-9	-4	5	30	4	17	6	12	-9	-11	17	-3	16	11	-21	22	15	14	-5	-5	-7	0	-17	4	7	-9	7	-3	-17	-1	-12	-12	-18	4	-16
-29	35	-23	-4	9	12	2	-26	-2	-10	-14	-6	-1	-22	-1	-2	-8	-9	14	2	-7	-17	-8	-2	1	14	-15	3	13	-9	-4	12	9	5	4	-36	11	-5	9	17	-2	-5	27	38	4	1	-11	8	10	24	-12	-7	-6	4	2	3	4	-33	-4	18	-6	-5	20	8	17	-32	-3	-14	20	4	2	7	10	8	-18	8	-8	20	15	7	-29	-35	10	-13	-8	1	-7	-18	15	-8	-4	15	-7	-6	12	29	-8	-16	25	-13	-8	-9	6	-5	-9	6	-6	-16	28	-16	-13	-16	14	4	26	-20	27	-14	-34	31	-11	9	-2	-2	11	18	-20	26
25	14	-6	10	2	4	-24	-1	24	-7	20	2	7	2	4	-12	-12	-6	10	-12	-9	9	-11	21	4	-34	-5	16	-4	-4	-13	-5	-4	17	-31	-13	8	16	-8	-15	-22	23	16	0	-18	-18	15	-19	3	-8	17	-4	23	-4	-7	-27	8	-12	29	-37	-2	28	4	3	-19	-16	4	13	-8	5	2	16	12	12	19	0	-18	18	-1	-18	-14	6	-1	-23	-8	-13	-17	25	8	1	-1	7	15	-8	11	-31	-33	49	-16	-4	-6	-8	-7	5	6	27	-16	35	-36	-8	-23	42	-11	3	-4	-6	15	1	14	14	-14	-5	-28	11	4	-10	12	-2
35	-21	6	-21	12	-14	-4	38	12	5	32	20	-9	-5	-7	-12	0	-24	15	13	2	-1	34	4	-1	-15	27	12	-21	0	-13	-11	25	-44	13	29	6	-20	8	-10	18	1	-8	0	-21	23	-25	22	-3	-2	3	11	14	-6	-4	5	-10	14	-17	8	31	8	-24	-12	-24	20	15	-19	19	1	4	30	10	24	-6	-13	20	2	-34	10	-12	15	-8	8	7	-9	20	-7	-6	20	0	7	-23	10	-19	-33	13	-13	-46	24	-16	-10	-13	-29	28	-7	-3	-14	-28	13	31	15	1	-4	14	8	-6	-17	10	-3	-7	-19	22	-3	-17	-4	-3	-21
-9	-18	-28	7	2	-28	20	2	-5	11	9	0	-24	-20	-7	-22	-4	15	17	-24	-15	8	28	-15	-8	-3	19	-22	-17	12	5	24	-9	17	10	-4	-7	-1	-2	-23	-3	-6	10	-12	11	-26	13	11	-26	24	-5	8	0	-12	5	13	-24	6	-5	-4	-13	-11	-11	-19	-1	3	-33	8	-22	0	16	15	7	8	-15	-14	2	-34	38	-15	-21	14	-28	24	-18	-6	5	4	-17	37	0	-10	16	-15	-38	-3	-10	-23	14	-25	-14	3	-25	29	10	-7	-18	-18	0	27	3	13	4	20	14	7	-5	-7	14	-10	-11	2	1	-17	7	-2	2	4
-20	3	-5	-16	-16	15	3	12	-3	-14	1	-12	-1	14	-36	-12	3	11	-19	4	7	34	17	-24	-17	-1	-5	-9	3	4	-9	-3	-2	7	-8	-17	5	-6	-21	-25	-4	30	1	8	-16	14	-16	-12	21	-6	6	-4	8	-1	-8	-16	20	-2	0	-5	-1	-7	13	1	24	-19	2	21	15	19	11	8	-8	9	-23	6	-10	-8	10	-39	23	-12	25	-18	-26	3	26	-21	10	-9	-25	-6	7	-44	-10	-18	-6	-12	2	-2	-6	-1	-5	2	6	-34	10	-9	37	15	-8	10	-32	6	-13	13	11	17	-18	7	8	-8	2	-9	19	-8	-8	-4
-3	1	18	-8	13	12	-5	-15	-22	0	10	7	-1	-13	-21	-4	-5	-37	8	-8	16	6	-2	-28	23	-12	10	-27	4	-22	19	15	11	13	-15	17	-12	-4	-16	-20	9	-11	20	-21	13	-18	1	-8	1	15	20	-9	5	-6	-4	1	22	-11	-9	12	-5	0	10	-4	-6	-18	-7	6	2	6	-8	-8	-15	-5	12	-4	6	21	-13	19	1	9	-8	-19	12	18	7	-20	10	-15	-20	13	-9	2	-5	-1	32	-4	30	7	21	-2	25	12	1	-23	17	19	14	-16	1	-15	-17	-1	10	-1	-11	-17	-18	6	9	-14	15	13	7	-4	-18	-20
18	7	23	-19	21	-34	-4	-24	8	-12	40	-3	-22	-20	0	9	-8	29	-29	19	16	1	-17	19	-8	37	-33	27	-9	2	2	4	6	-25	-13	35	-24	-13	-10	13	-8	10	-5	-15	-12	-8	-12	-8	36	16	-11	-9	2	21	13	2	-20	-29	5	-15	9	10	-9	-8	13	-2	6	13	-15	-9	-10	-22	0	8	-23	-19	9	15	0	-3	-11	-20	3	17	24	-15	22	-36	20	-36	26	4	-8	0	5	13	-5	26	7	2	-9	-5	-5	14	-20	28	-16	-11	-4	13	9	-11	-6	7	-1	-21	-15	13	20	39	-8	-3	16	4	-7	-4	-15	12
9	-12	-7	12	7	-8	14	12	-19	29	-15	19	-23	-10	13	-22	2	-4	-8	14	10	-1	22	-9	6	-13	8	-1	-22	12	-1	-9	8	-28	19	-6	-29	8	5	-26	10	14	3	-10	9	-44	1	15	5	7	-24	13	30	-12	6	-27	-30	24	3	-19	6	-29	13	24	-3	-10	26	10	7	18	7	-1	3	4	-47	20	6	1	4	-32	1	-16	10	-4	-5	-8	-19	14	-17	18	43	-13	10	-19	0	-23	-10	6	-12	-17	0	2	-3	-20	-6	-18	-4	-6	8	-11	-3	13	-24	17	-31	10	14	10	2	0	-33	10	21	-1	16	-16	15	15
-30	-12	-10	20	-13	14	30	-29	18	-4	25	-1	-16	16	-23	26	-14	-6	-12	15	-4	10	-6	-2	-8	15	27	-44	11	19	-29	-5	-5	5	17	-3	29	4	-3	1	22	-32	7	-6	-18	14	19	14	-7	-19	12	10	-6	-8	-22	10	22	-1	-14	-4	-34	15	12	1	-25	37	-17	-4	-16	6	-17	-18	28	-10	-1	23	2	-6	-15	0	4	-15	-5	-17	-7	9	-6	22	-9	7	1	12	-1	2	-25	8	-7	-2	-27	26	-26	11	22	-5	-17	13	22	19	-2	12	12	-25	-15	10	10	16	-10	-26	11	-11	-15	23	4	-10	0	-8	-8	0
-9	0	13	8	-17	5	-31	8	6	16	13	-22	8	11	14	3	-1	-14	26	12	-22	-2	2	-11	17	4	-31	-8	33	-14	8	22	-22	18	2	-1	7	-21	14	8	-35	25	-16	-3	-9	2	-9	10	-16	8	15	-19	-23	-11	5	-4	5	-44	15	-31	10	20	0	-12	16	8	-20	-5	9	7	-42	3	39	-32	3	-16	-3	11	-20	-19	-8	-22	-4	-11	10	0	-9	11	-31	8	12	8	-5	-15	-14	-9	20	-22	12	7	-20	13	-20	-10	36	32	-3	3	8	14	-3	-26	21	0	10	-18	-27	26	-12	4	6	10	5	-4	-14	-31	18	9
-15	9	32	-20	2	-5	-23	-2	-9	4	15	-20	19	18	-8	-22	24	14	19	0	5	7	-16	-24	0	-4	11	3	16	-23	4	8	-17	12	-6	2	2	30	-12	-22	8	-11	-7	-23	-6	-2	24	-3	25	0	-34	-9	-15	36	3	17	-23	8	-14	-6	16	7	-22	-4	23	-17	17	26	32	-38	-1	34	-18	-16	-15	-6	15	-16	-12	-25	-11	-5	7	30	7	14	-10	-37	16	17	-6	-8	-16	-29	-5	11	-2	-3	2	-11	10	2	-9	22	14	16	9	-29	16	23	-15	5	22	-11	-10	0	11	-14	-4	19	-18	21	-6	-13	-26	29	23	1
-3	24	-25	-35	3	15	-15	-8	2	8	-18	4	15	8	-12	31	1	11	-19	15	-17	-25	-23	8	7	15	-14	0	-13	5	-4	-15	4	10	-25	16	-10	20	-32	0	-5	-5	32	-9	22	16	6	9	10	-5	-16	-7	1	20	-4	-2	-8	-5	-4	28	6	4	11	0	8	10	11	5	-38	-29	25	2	-37	-10	16	8	-8	11	-7	17	5	33	5	34	-24	-12	-30	1	7	-5	-17	-12	-24	7	6	1	-8	12	7	-18	23	-3	6	3	0	11	-29	-19	4	-4	-11	-4	-10	-7	11	10	-25	-23	31	-11	10	-18	-15	-7	-14	24	-11	5
23	-20	-10	18	5	-21	-17	14	10	-20	2	20	0	-4	5	-11	0	4	8	-22	-20	11	6	17	-4	-27	-5	2	-7	10	4	-15	31	-35	-8	-2	-8	-15	-4	-1	20	3	-20	-8	-2	-1	17	0	21	-9	-24	5	5	-6	-15	-29	9	-7	6	5	-27	-18	-3	-9	11	4	7	-8	-31	-1	23	-13	-7	17	10	3	18	-17	20	11	45	-1	7	-7	-10	-33	-4	12	-14	-3	-9	-11	-10	11	-1	-14	2	12	-10	-1	-14	-36	22	8	-9	-1	-8	29	8	-9	8	-1	-2	18	-1	-39	-20	28	9	7	-19	14	5	-7	12	0	10	-1
-14	2	22	9	-6	-4	15	12	-12	3	12	-1	16	-28	-14	9	11	4	-38	-3	22	-2	35	-18	-36	26	8	6	11	-4	-4	23	3	-35	9	15	11	10	-1	25	6	-1	-4	4	-14	37	-1	-8	20	-26	8	-18	-10	-6	1	19	-2	10	-10	10	5	-12	-2	3	6	-11	-13	-32	-2	27	-2	-20	-2	1	-6	27	-6	29	9	34	-19	-6	-11	9	-27	-1	19	-5	-1	-17	21	-38	5	-13	25	-30	12	-10	13	5	-8	15	0	-14	-16	-2	-1	13	-3	-23	-2	-11	12	5	-26	-8	12	22	-33	-21	8	26	-29	-3	0	32	15	-10
-15	19	-22	-17	10	28	-20	13	6	6	8	15	-24	-8	17	26	-1	-29	-16	26	-25	25	-8	-31	0	-3	-8	-11	-5	3	24	-12	-20	1	16	6	13	-27	18	-11	-10	-4	-4	-13	42	-16	1	17	-5	7	8	-38	-3	7	-8	-11	-18	2	-11	-7	-16	9	-20	9	6	-15	-8	16	4	31	-40	20	-12	22	-15	2	16	22	9	-17	-11	22	25	-16	8	5	2	9	-4	-4	-15	-1	39	-3	7	-16	31	-10	-14	-11	-2	22	-9	-15	23	-12	-10	-21	-21	4	13	11	7	-2	-2	-6	19	-19	-2	9	27	-13	7	0	16	0	-3	-20
-13	-24	-11	23	-2	-12	-27	11	-10	-10	-3	-4	-12	7	30	-19	-6	-8	28	-8	3	-5	-18	9	2	14	20	4	-5	22	-8	-18	-13	9	23	6	7	30	9	17	-4	-2	-2	1	-7	-36	37	4	14	-7	-30	-13	17	5	-8	2	-27	20	-11	-8	-29	5	-33	11	-41	2	-11	-24	4	-26	4	9	4	-5	12	10	23	-2	-2	-13	27	-2	2	-9	15	-25	-3	30	-4	6	24	6	13	-35	-9	18	-17	-15	2	13	19	6	-29	4	-34	6	-7	-4	13	-6	17	21	-22	-12	-13	18	-13	-13	-8	6	-17	-20	18	5	25	-3	-4	31
-30	-19	22	20	-26	-20	10	29	4	-17	15	-39	-17	3	-31	-10	2	11	15	-4	-10	4	12	3	5	14	-3	-5	10	15	-4	22	-11	10	26	-4	11	-13	8	-20	-9	23	-24	2	-14	26	-9	-7	-18	-9	-7	21	-1	-8	-3	-5	6	15	-11	7	22	-5	8	-7	11	-29	0	20	-5	30	-17	12	-17	11	3	1	-11	4	2	-8	-8	-2	-3	-4	4	-10	22	-7	-31	-3	6	-8	-8	1	-13	3	-29	19	8	4	-1	-31	14	-9	-21	-7	14	17	-42	8	-17	-22	15	-23	6	11	-25	-12	18	-12	-17	18	-24	12	-6	-20	21	4
-21	21	24	-48	-1	-2	15	-6	-38	3	-16	-32	32	8	-9	22	-1	25	-15	-17	23	5	-11	-10	-2	-27	-6	-17	20	-5	1	-6	19	6	1	-13	-18	22	21	-7	10	5	-7	13	9	-7	1	-5	20	19	13	-23	-6	24	-26	11	32	-17	-22	-2	-11	-11	14	-2	-14	13	14	0	27	-36	31	-18	21	-9	3	-14	-8	8	-38	-18	17	8	5	14	-10	12	6	-15	-26	27	-12	-4	-21	5	-16	-2	13	11	23	17	7	12	16	-7	20	17	9	-15	0	19	-6	27	-19	1	26	-3	-10	7	20	-30	22	30	-25	19	-22	27	19	1
9	31	-5	-8	13	28	-15	-21	23	-5	-10	11	12	-16	3	-8	-8	-21	-40	-5	8	-14	15	-7	27	-25	32	8	19	-1	15	-1	-15	9	3	-22	28	23	-25	15	5	21	18	5	-15	8	17	7	17	-26	2	-18	22	2	-27	11	-29	-15	17	-7	-7	26	10	-7	12	9	-13	1	-15	13	-6	1	-3	-34	11	9	32	-16	2	22	1	-1	-33	5	-4	-11	10	-18	0	30	-11	17	-32	-10	0	21	8	11	-25	11	-32	21	2	-8	-5	-2	-19	2	5	13	8	6	-8	4	19	-30	19	24	-10	15	42	-48	-2	-13	-17	14	-6	-10
19	-35	-1	20	-20	-7	-43	25	21	-31	17	7	-13	-12	4	-15	-2	-39	13	1	18	11	-11	8	-15	-7	4	14	0	-8	-21	-24	-21	7	-24	8	6	-22	9	-4	16	13	-14	-2	-37	39	-10	-4	9	-3	10	40	-12	-11	25	27	-7	22	-7	-10	16	16	-19	-2	5	-29	25	2	8	-1	-23	22	-21	8	27	8	14	-10	29	-16	-6	-19	18	-11	22	-2	-9	-9	21	-17	10	-34	-11	-12	38	-2	9	-22	-2	5	2	11	-6	-3	-25	-5	14	-17	-6	-3	-7	10	15	3	26	8	11	-10	-12	26	-28	-28	20	-40	5	5	6	-7
-2	8	4	-1	-3	-16	41	23	-13	18	-11	-3	-7	-18	-11	-14	2	-16	21	37	2	-5	18	-3	-38	18	6	2	-18	-30	-15	2	26	-3	-15	0	-27	7	-5	-7	16	14	-36	-14	20	-8	-27	4	12	13	-5	4	-12	3	17	3	-2	-15	-17	-4	29	-27	-18	1	0	-11	31	3	7	-28	45	-11	18	15	0	-2	-8	31	-8	-26	8	-8	25	-17	19	-3	-8	21	3	-3	-4	-23	18	14	-2	-8	-18	-7	-7	5	12	-19	8	4	-2	26	0	-18	16	-20	21	-7	0	12	5	-11	-20	13	5	-11	-3	19	-13	4	24	8	-11	12
17	31	-16	-7	1	1	16	-36	13	0	-31	18	-1	-20	4	-2	11	-8	37	1	-5	1	15	-55	25	-2	7	-36	-5	-5	0	-14	-1	-22	-20	7	-3	-4	-29	16	15	-36	-14	4	0	7	5	33	-19	-1	-16	-20	7	5	13	-9	-14	-13	18	28	11	-10	13	8	-17	13	1	19	-13	15	2	-26	-16	-2	10	24	6	20	-30	-3	-25	22	-14	4	-1	-11	24	-36	-20	33	-32	-3	13	-8	-5	11	-31	-7	0	5	-16	34	4	13	1	15	-22	10	4	-6	-4	-12	-20	5	-11	-17	-13	12	1	-5	8	-38	8	1	2	-33	23	-12
10	-13	-9	-6	1	14	-21	5	7	-23	22	-9	-13	3	3	38	-28	19	15	-8	13	13	-27	8	4	-21	-23	14	6	3	20	1	-19	-29	11	14	-27	0	17	27	-29	-8	2	-15	9	7	6	-27	-4	-28	39	-21	22	16	-19	-25	-22	36	-13	5	-20	17	-7	20	-8	27	15	-25	-6	19	-1	-5	-9	10	4	-23	6	-35	-20	-3	3	-8	-35	20	-40	31	-21	-23	19	-7	-29	14	8	-13	1	9	-8	3	22	-18	12	-14	3	-1	-15	-28	-10	-12	-29	6	-8	15	33	10	3	1	15	15	10	10	-23	-6	-3	-1	-7	35	7	-15
-18	-20	-6	-27	15	-41	-1	19	-12	3	4	-14	-19	19	19	23	-15	19	-9	-15	19	-20	16	2	6	-9	-7	-15	2	-13	-4	-2	-12	-5	30	-15	-20	-11	21	-15	-28	-2	-20	27	0	17	-2	0	5	43	-16	-15	-6	-29	-20	-23	13	7	-23	-4	17	-18	-17	-14	10	13	-28	6	3	-14	-15	-15	5	-6	0	8	-13	-20	-2	-12	-12	-7	19	-37	16	-19	4	-2	3	-16	-7	14	-14	-2	45	-18	-6	-17	-16	1	-27	21	-9	-12	3	-11	29	-25	13	-16	6	7	3	-32	-21	-4	-10	-33	-6	-37	-23	8	-26	5	8	-3	-38	-14
8	-7	0	19	-10	10	9	29	-16	13	-28	-22	12	2	1	4	6	3	17	20	7	17	-27	7	1	-1	-24	25	-1	-13	7	-24	2	14	14	-28	-10	29	8	-10	20	-16	6	-7	9	-11	12	-23	29	-24	-46	32	-9	14	5	-9	-6	-17	-12	29	1	-43	2	-1	7	-19	-7	18	7	0	-12	-2	1	20	15	-9	-5	37	-23	-16	-10	16	-22	16	-7	7	18	0	4	-1	1	22	-10	21	-2	-2	-21	16	9	6	24	32	-32	15	16	4	-5	8	-6	22	-9	0	-38	-5	1	2	-5	-9	12	-13	14	-4	15	4	-21	-22	-7	14
23	3	12	-2	-5	-4	-5	-19	15	8	-34	6	39	17	11	22	-3	3	-2	9	-3	-10	13	24	-18	-2	28	36	-24	22	-17	5	13	5	-35	-1	29	1	-7	1	-34	0	15	7	0	9	-35	16	-30	-29	15	1	-19	8	-5	-5	14	-14	11	9	-46	14	23	1	-10	-29	20	-10	7	-12	8	44	-9	30	-11	-29	25	-22	-1	9	39	-28	5	-9	5	35	-11	15	4	-14	-2	2	-9	15	-15	-11	0	10	19	-5	6	-38	16	20	-10	-19	13	1	12	-15	19	-31	-10	5	0	10	-2	11	13	15	5	1	2	-26	6	18	-1	13
-7	-5	-10	19	-4	21	9	-8	11	-38	-3	22	0	-18	12	4	-17	2	-7	5	-29	5	37	-16	-11	26	19	-31	26	-18	5	24	-10	-2	4	42	-6	-15	10	-33	-4	14	7	-10	28	-43	10	-17	-15	8	-8	-29	14	3	11	5	4	21	8	-14	22	25	-32	-21	-10	23	19	-5	-6	-5	-3	3	16	-5	-30	2	-1	-27	-1	-15	10	-17	4	-31	17	-12	-1	-14	29	-9	23	-11	28	-19	-7	-9	26	16	-13	-4	-8	-36	30	-12	-34	30	-19	9	-31	-17	10	-9	34	-13	17	-19	20	0	30	-28	-8	-16	-29	28	41	-21	0	0
5	-7	25	-32	8	-15	10	-5	-11	-25	24	3	-6	24	16	-13	-23	-9	-5	-10	14	32	-21	13	-2	-11	-34	-5	12	-13	8	-9	-12	19	36	3	-21	12	-29	15	25	-2	15	6	-25	21	9	5	5	-13	-15	1	1	-9	-24	-12	0	24	-5	17	-5	-22	-18	24	19	-5	-9	-7	17	-23	-24	6	2	-14	-16	8	-14	-2	-22	-3	-11	5	-26	1	-5	1	-8	15	-7	12	5	-9	7	4	-1	31	12	-31	-15	7	-8	28	13	-24	-1	-11	-13	-21	2	19	4	11	-8	3	-16	23	-16	21	-9	-18	-8	-13	25	22	-28	-16	33	-25
4	5	-14	-12	-4	-36	17	-14	-3	25	15	-2	-3	8	-6	-19	26	-5	20	-10	26	-28	15	6	-15	-16	-6	18	-30	-6	8	-14	-7	34	6	-24	1	-4	13	7	-12	5	-19	-4	14	-8	-10	-1	9	21	-9	-4	6	4	8	27	-2	14	12	-17	-33	1	-9	21	-32	2	-23	-2	-18	-17	8	-9	-8	-23	-4	8	-20	0	8	47	2	-12	-26	-4	-6	1	14	-7	3	17	3	-8	43	-20	-8	-16	-18	-35	35	1	20	13	-3	-4	13	-9	19	-15	18	42	-19	-12	-24	14	15	-3	32	-17	-3	-14	7	11	-1	-14	-11	38	-28	10
-13	-23	-23	-3	-19	23	-4	-1	14	18	2	-7	17	21	8	17	-4	3	0	20	-16	-4	4	-39	-13	8	15	-12	18	-35	-13	-13	21	10	-5	-10	16	23	-6	16	-18	-21	14	25	-14	12	16	-19	21	-11	-14	-4	1	10	15	-1	16	7	-18	-12	31	4	23	-1	-10	-5	4	9	-9	6	-11	31	2	2	7	4	-8	26	15	22	-23	-14	1	19	-17	17	-8	-9	16	4	-5	24	-20	-8	-12	19	-10	15	0	3	-8	-20	5	-22	1	24	-4	16	11	-27	-35	-4	-1	0	-5	-6	-27	-1	-26	15	-19	6	-16	-16	17	4	-20	13
-13	-1	10	24	-3	-4	21	1	-14	-29	11	-10	27	27	-17	-2	-30	0	10	-6	-6	11	1	-14	8	10	-9	-16	-2	-2	-1	27	-4	9	-15	3	-8	4	-15	-12	-9	13	1	-9	36	5	15	12	3	-21	-10	12	16	-14	-10	-17	10	-23	-3	24	-11	-21	17	-38	7	27	-2	-27	-11	-34	7	22	-22	22	-10	5	14	3	-26	-11	-37	0	-23	-3	22	-9	4	12	0	-6	-22	-19	-3	6	0	-3	17	6	0	-6	5	9	19	-4	27	-14	-14	-10	-26	-27	-6	-6	20	-14	-16	5	4	-9	19	-21	5	-3	-3	-7	19	-19	-5	2
9	4	2	-6	-16	5	33	-15	0	12	4	16	22	-18	-26	0	8	35	7	-26	36	1	4	-21	21	-22	7	-18	16	8	1	-3	-7	-14	4	0	31	-1	-8	4	12	17	-20	48	5	-15	0	-6	-1	0	0	15	-28	-34	18	-17	3	-39	15	-17	-29	12	-8	-20	-2	-8	-45	-6	-6	-8	29	2	-7	-9	1	-26	-8	-8	3	0	12	-10	-8	12	0	-8	19	1	-10	-12	-16	-13	29	-20	3	18	1	-21	8	0	-26	17	8	-3	-6	-20	0	-18	4	13	-24	21	29	-25	16	17	-23	-10	6	-5	0	-18	-4	26	0	-29	11	4
6	-16	10	0	13	2	-13	1	-23	6	-14	22	-7	-13	23	9	15	3	-17	46	-3	1	-47	30	-19	1	7	-8	16	-31	-7	10	18	-17	12	30	-6	-7	-3	19	-4	2	23	15	4	-8	-10	5	12	-8	8	-9	-8	10	-21	9	-16	-2	20	-20	0	-15	17	-13	26	-19	-3	3	-8	27	-8	8	-27	-25	12	-45	27	8	7	3	-7	-6	11	-16	0	28	-16	-11	10	-10	-24	16	-25	10	21	-26	-2	-32	13	-21	24	34	-13	-8	-28	4	-15	1	6	-24	-4	35	-11	-1	17	-24	-7	13	12	-18	-12	-12	16	3	-13	-25	2	4
-14	20	-2	-1	15	16	21	-23	-16	23	9	-16	-12	16	6	5	-19	-2	21	4	-8	-36	31	14	2	7	-36	4	-13	-1	-10	5	-24	2	12	23	-32	-2	29	-20	23	-6	20	10	-8	2	22	3	-1	-34	-9	-5	8	-4	16	6	27	16	8	0	-20	-2	-25	2	-6	-31	6	-6	-1	24	-4	-35	-8	18	-28	-11	12	-18	2	1	-15	12	-16	2	20	-4	-12	15	-19	-26	4	24	-11	39	-16	1	-4	-5	-1	9	11	-18	-21	-15	26	-11	25	24	-3	-18	31	6	-27	28	-19	17	2	28	-35	-1	34	-18	33	2	-13	24	14	9
17	-2	16	-16	30	28	-16	6	-15	-2	-32	-6	5	3	-7	-26	32	1	-14	5	-8	9	20	-21	14	-34	14	-14	3	18	4	13	-16	25	6	-31	-2	18	-21	-9	19	-10	24	8	-24	1	-16	-12	-1	16	10	-19	-11	5	21	10	-20	-12	-25	-24	0	-3	-10	-2	-23	16	28	15	0	1	-37	-5	5	-4	-35	20	5	9	-13	-6	12	-19	15	8	9	-2	-3	-12	-28	7	31	-15	16	-34	1	-26	-18	29	16	9	6	0	-11	0	18	-24	5	-30	-23	-4	17	-26	12	23	-8	21	-13	0	-13	25	-6	-2	-15	-20	-6	2	33	12
-8	32	-13	10	-8	-20	5	-19	21	-9	-10	8	-22	-17	-9	-5	36	-5	-5	18	7	14	9	-5	7	-5	2	-2	-13	9	30	-8	11	-1	-13	-1	28	-23	32	-3	-1	17	17	-22	-11	-13	0	-7	24	22	3	19	3	-7	2	-6	-3	-26	-2	-15	10	-5	8	9	14	27	-21	-23	-1	-36	13	23	9	-2	18	5	17	-14	-14	27	-9	-5	28	-12	38	-22	7	-2	3	15	-11	0	17	-12	-11	-20	11	19	-33	-8	-18	2	-5	24	-9	6	-6	-5	-23	17	-7	20	11	-14	5	-19	29	-8	21	-16	-31	0	15	-5	28	3	42	-31
-24	-14	-26	21	1	-3	-8	5	13	-9	20	-14	-7	11	21	17	-20	-5	24	-2	-22	8	-6	4	0	2	-13	-1	11	12	23	-22	23	-14	35	5	-13	11	-3	13	-9	21	-6	-24	10	-5	3	11	-8	-28	-17	-15	-1	7	-1	1	-17	-24	11	3	6	-17	17	-4	6	-12	-2	7	1	20	17	14	-17	-10	-3	8	-8	-9	23	11	6	-12	11	21	-3	-4	-21	4	-17	16	-25	3	-13	5	-16	7	10	-28	-7	-20	-17	21	1	-26	-5	6	-14	-4	23	-8	31	9	-16	13	6	-12	7	-27	-14	-45	-2	7	4	-5	24	0	-32	-36
-5	-11	18	1	6	-5	23	30	-7	7	3	-10	-1	16	0	-3	2	-1	31	-9	8	7	4	13	23	-14	15	5	20	9	-6	13	3	34	-26	-6	-12	-5	-26	-2	-10	-2	-47	9	5	-9	20	-17	1	0	-6	-19	-5	2	3	-22	-27	1	-2	21	-12	18	-3	13	-16	-9	-21	16	-20	21	4	-20	-19	9	-7	-4	-10	11	-13	12	-23	-2	14	1	-7	-30	15	12	14	18	-24	31	0	2	-7	23	2	9	4	3	17	4	-17	30	15	-8	-8	7	8	20	-11	-8	-9	5	-21	-2	10	4	-40	-3	6	5	-13	27	28	-14	-28	18
7	-3	24	-9	-7	-1	8	0	-5	22	-1	-23	12	-25	-29	2	-5	13	-22	-5	-3	-16	13	4	-7	23	-4	9	14	-12	-2	15	-1	-21	-9	-16	21	1	-23	12	2	-25	8	6	-1	17	-27	27	-5	1	9	13	19	-10	4	-23	-1	24	7	11	-5	6	-11	6	5	-2	14	22	-1	-5	-22	-23	11	31	-10	13	23	-29	-22	9	-6	39	-14	-10	-11	-20	5	12	-22	3	11	40	-5	2	0	2	-20	-5	2	16	8	8	5	11	4	-9	10	-17	15	1	-7	-30	6	9	-27	36	-30	-32	5	13	4	32	4	34	-35	-20	-2	27
-8	3	-8	-14	-7	-8	-1	-6	-16	33	-27	-17	-12	-10	6	2	10	13	-26	3	-3	17	-10	9	5	-10	5	15	-15	16	-4	-13	-14	-37	7	-10	9	-10	5	-2	-27	5	17	-8	-1	-25	17	-27	4	-6	0	10	-21	18	-5	6	4	27	-14	-4	-13	-6	3	-10	0	-1	8	-17	0	-10	-16	23	21	-4	-5	-12	-28	-1	9	3	22	-18	-23	8	-26	24	-10	-15	-10	0	29	7	6	-16	1	-17	20	-8	10	-20	0	-3	-1	8	8	30	-22	18	-7	0	-32	-1	11	-15	31	-10	-28	13	13	-16	12	12	8	-10	-19	-6	13	0
5	-10	0	24	-17	1	29	-8	20	1	-11	18	16	15	2	8	5	-27	23	-11	17	-12	-1	-7	-5	14	-1	-7	17	-15	11	-3	-8	8	10	2	-14	-2	8	-41	5	-28	7	-32	4	11	-4	-8	5	16	-14	-10	-21	10	15	-3	-9	-4	-20	-4	12	-2	30	10	13	0	8	1	-28	0	-6	7	4	19	-16	-5	35	2	30	4	0	-19	21	-11	50	-7	-9	18	13	18	3	-28	-4	12	-4	33	7	1	6	14	-6	12	14	39	-6	3	-30	8	2	-34	23	28	9	7	8	-21	24	13	-15	6	2	-3	-15	-22	3	-23	11	-10
-29	-5	1	26	-11	23	-6	0	-4	-20	11	-16	-6	-6	17	10	-27	15	18	-8	4	-24	36	-24	23	2	-2	14	-34	0	-6	-15	-6	27	14	-25	8	23	-31	-9	8	5	1	24	1	-14	8	2	22	-1	9	-5	36	20	-13	17	-11	-16	10	-16	7	7	4	25	-16	10	24	-10	-23	13	-16	2	18	-28	-7	38	-9	7	12	4	-7	10	-3	39	-11	-26	8	2	6	-13	-31	-18	21	1	17	5	-13	8	2	-34	8	-8	-6	-14	9	-9	-10	17	-16	43	-5	9	20	-19	9	19	9	0	-17	-16	0	-3	-16	3	-11	-7	8	0
-26	33	7	-18	10	3	-13	2	-11	23	1	-1	-5	16	23	-21	48	3	0	5	-21	42	-1	21	-15	0	1	-1	2	-16	-15	1	16	-14	-25	-19	3	-14	-34	-5	-13	-27	15	-8	10	10	30	-3	37	-23	-5	7	-8	-15	-6	-13	7	15	5	-5	15	-5	23	-9	15	-12	4	-24	6	-2	0	17	4	-27	23	-3	-15	32	-29	11	-16	3	19	-20	-16	1	5	-12	7	-16	-8	5	-5	-28	-22	-21	-6	-6	-15	7	4	-11	4	25	12	-1	14	-1	21	-45	-3	-11	-35	-3	6	5	-10	-7	11	10	17	-16	8	-16	-10	27	9	8
19	44	-18	-1	2	-7	-34	7	22	3	19	-9	36	4	1	10	6	-26	6	-6	47	1	-15	19	-11	-6	-4	12	-32	-20	6	17	-20	-10	15	12	22	-2	20	16	-24	20	-1	-5	9	14	-6	-5	12	-14	4	-26	24	6	-9	10	-1	3	-17	1	0	8	-12	-18	10	-21	-1	-13	0	-17	-1	10	-13	-21	12	-8	34	-7	-36	19	13	23	-10	-18	22	-2	16	19	-4	-23	-14	12	-9	-26	1	2	-2	27	-13	9	-10	12	30	6	-14	1	17	13	-18	-22	8	-4	7	37	-3	2	10	12	2	-4	-8	9	3	7	21	24	-8	-14
15	-27	-24	13	-25	7	19	-10	23	-22	-14	-6	-1	12	-13	-23	-28	7	3	39	-3	-29	-7	-25	-14	10	-2	-16	-1	10	0	-24	-26	21	5	-20	6	-13	-17	-16	-21	6	-8	8	-12	-20	13	-9	-4	7	-24	16	8	-1	-2	35	8	-23	17	4	12	-14	7	20	-6	-1	13	-7	-11	12	-3	27	-21	-1	3	19	-5	-27	-1	9	4	-15	7	-7	19	-2	17	-39	-15	1	15	-10	-27	11	-2	9	37	-24	-12	30	-12	6	-10	-15	10	9	1	-20	-12	-12	-16	3	3	7	-31	30	5	-4	-25	1	18	2	-17	16	-12	-32	-13	7
-1	-10	-3	-10	13	15	12	4	2	15	-3	-14	30	-21	-29	4	-3	36	7	13	-20	15	17	-22	16	-1	-1	-6	-6	1	-19	-15	22	0	-23	-12	-6	-4	19	-6	18	-5	6	22	-37	22	-8	7	5	-22	7	14	-3	-14	21	12	-11	-9	10	27	-23	17	10	1	-5	-20	-14	-16	3	23	-23	-10	-30	14	28	-5	-17	9	29	-1	2	24	-16	3	3	-3	-28	-14	29	14	5	-41	-7	2	-30	23	-26	-38	14	10	-21	-6	-13	13	14	-7	-18	-42	3	-7	1	0	9	-22	16	-19	-5	10	-18	30	-26	-13	16	-14	-16	-20	30	-17
12	-7	-8	33	17	-16	-3	-20	6	-8	-36	12	-12	-15	10	-2	18	18	2	-18	5	17	7	-7	23	-22	17	2	24	-16	14	-3	16	-12	0	10	-8	10	-17	-22	1	7	17	-22	21	11	-11	41	2	-8	12	-12	16	2	14	-12	-6	-7	10	-22	-11	20	4	-5	-27	0	-30	6	-5	-18	9	2	3	11	-5	-19	11	16	5	-2	17	-7	12	-18	17	-34	12	12	-3	-13	-39	4	3	-8	20	-20	-17	-5	4	-34	-10	-9	0	25	-29	-1	-33	24	-16	-1	5	14	1	2	9	2	34	-30	-3	0	-10	1	-14	-14	-13	6	-24	-5
9	2	8	-7	-18	-25	-16	3	-19	-13	6	6	13	-5	9	9	7	-27	4	-4	27	-20	-20	20	-11	25	2	34	-12	-3	9	0	9	-3	8	19	7	10	-6	5	-22	3	-22	-10	22	-8	22	0	-1	8	-16	19	28	-14	-30	17	2	19	9	3	-3	15	-1	-33	3	1	20	21	-17	11	14	-5	25	12	-14	-2	8	-18	-8	-9	-5	7	5	5	-20	-5	-3	-16	-13	-16	-4	13	-3	14	-6	-19	-13	-13	3	-19	27	-2	6	8	-23	-2	-8	4	-23	24	-9	5	-38	7	14	20	-11	-8	27	2	15	-3	-5	0	2	-18	-25	16
8	-39	3	-4	-27	14	9	9	1	-2	3	22	7	-18	17	-1	-38	15	8	16	-24	-16	12	27	-29	14	-5	12	-14	2	22	-7	-8	15	-5	-7	-2	0	12	-1	0	-8	12	-6	-16	0	-4	8	-15	8	23	14	-32	-33	7	14	-13	-11	13	-24	1	-7	-29	-7	-2	22	3	2	-5	12	0	-11	-6	-42	18	-22	-9	-22	8	-14	22	-11	-9	-23	-12	-7	-16	-24	21	3	33	-17	5	21	-8	22	-13	12	7	15	-16	-28	13	-4	-3	7	-4	18	26	-25	-2	-32	-6	19	1	-15	8	9	6	-4	-25	-3	-3	4	-11	14	14	4
-3	6	28	6	-8	-12	-24	-11	-9	-17	22	-17	-5	10	-3	-7	2	47	3	-2	-6	-1	13	-25	23	-17	11	-16	4	28	-13	3	9	18	-5	-14	2	3	-21	1	-12	-9	-11	26	-17	-3	13	2	-11	24	-14	-24	-13	29	40	-24	-1	0	0	-27	27	-40	-3	19	18	-18	7	-5	-22	-12	15	3	-10	-12	20	-6	7	14	-13	5	-1	-2	-5	9	18	17	-21	9	-6	5	-27	0	11	0	-12	-9	4	-3	20	-26	-23	27	10	-37	-1	-17	10	-12	-14	-37	0	9	24	8	-29	-7	22	3	1	-5	-31	32	21	-14	4	3	7	-22
0	4	-22	-24	-16	25	-7	-3	-9	-3	-19	5	-4	-3	16	-29	36	2	-16	24	-13	7	-11	31	-5	-18	-19	11	-10	-33	-6	-15	-7	2	-17	8	16	-5	-15	-17	-22	13	19	12	-22	10	-27	-9	-7	-26	-11	4	-11	-1	-6	-16	19	-11	-14	0	-33	5	12	12	-3	-25	19	-34	0	11	16	-8	-13	25	-21	22	-3	4	29	-2	7	-20	12	-7	10	-11	20	0	-14	-5	-19	38	6	-14	-5	1	-17	14	-26	-25	21	31	-27	26	-12	10	-1	5	15	3	21	1	1	-33	-14	9	1	-26	5	-5	21	9	2	1	26	-25	-23	14
8	8	-3	-11	20	-10	-11	12	20	-1	21	18	13	19	-21	31	-5	-20	4	-33	5	-21	16	-10	-42	-15	1	0	5	25	-20	-1	-19	-29	7	17	-18	-1	-26	6	4	19	8	-24	-6	15	-8	26	20	1	8	-9	-7	-1	-5	0	-20	-19	-2	-13	12	40	-23	-4	-10	-12	-18	-4	11	20	-26	-12	-1	15	-6	5	-24	18	-4	3	-24	0	2	-3	-4	12	-21	7	18	0	18	11	-13	-5	32	-14	-4	3	-34	1	33	-29	9	-10	0	-13	23	9	-7	-1	-4	5	-22	4	-7	3	-14	-2	8	3	5	3	-34	-4	14	-29	38	12
6	5	-3	-6	-1	-17	14	14	15	18	3	32	-3	6	10	34	-37	21	-6	-21	-25	6	-6	-20	-30	7	6	3	8	-18	-16	-2	8	5	24	-4	-30	1	26	8	22	-4	-14	-5	-13	10	4	-16	-12	-5	-25	15	11	15	-21	4	12	8	2	-16	28	-9	3	-19	-20	23	-12	9	12	-10	2	-11	-2	5	4	-9	2	3	4	-5	-30	-15	1	-3	14	-22	-4	15	15	-4	8	-7	-2	7	-9	-18	-4	-11	5	17	-14	-10	4	-25	13	-16	-1	-36	-24	4	21	-7	1	-6	-6	-11	-2	15	-19	-10	13	-21	-1	36	-5	7	6	-12
-19	13	-29	20	4	12	17	-5	12	-1	2	-7	-8	-22	1	-14	13	22	5	-17	15	24	-2	-12	-4	22	4	-11	-2	-34	-11	5	2	37	-33	-4	-6	32	-4	-44	8	-17	-5	-16	-9	3	-10	4	2	5	19	-14	-15	-14	-20	-6	-5	12	-19	4	19	-28	-6	0	11	4	-6	17	-9	-4	-26	-13	17	-14	32	-16	6	25	-8	-30	6	25	25	24	-26	-3	7	-7	-8	4	-14	-2	-5	13	-5	8	7	30	-3	6	-33	17	-13	3	-7	13	-6	-9	17	29	-15	21	-29	19	-4	-8	17	-32	1	30	-8	-3	9	13	-16	22	9	0
6	4	21	11	-5	16	4	-7	28	-15	-26	12	-6	14	13	-5	38	-29	-20	11	21	2	-13	-10	24	-20	-31	30	-21	-8	15	-10	10	-4	-15	-1	31	-9	-25	10	-4	15	-7	2	28	-5	15	9	12	20	2	-22	-34	-4	-12	-23	-4	0	-6	13	5	-35	0	-11	-14	-9	14	25	3	0	-10	27	-14	4	-38	19	28	-6	-34	15	8	-8	7	-14	-17	5	-4	0	-19	-13	-44	22	-3	0	7	-10	25	-2	-20	17	-17	19	-13	16	12	-3	-2	20	11	-3	-9	-27	26	-6	-16	-8	-31	-9	24	-17	-28	13	12	-7	5	9	-2	9
9	19	-1	4	6	-13	-9	15	-6	-46	16	13	-2	9	2	13	4	-10	25	7	-2	-8	-30	15	8	-16	5	-14	-9	4	-7	3	7	-19	-7	17	-14	-33	-11	13	-8	-13	3	1	-7	16	-41	4	-22	16	-30	-15	-9	-3	18	-5	20	-17	-1	40	-30	13	9	5	-23	16	-8	4	-16	-5	-20	11	-13	-8	-9	21	-19	-22	42	19	-13	-1	22	-15	-9	21	-21	-6	-4	-4	13	13	0	-3	-2	0	17	8	19	-12	1	-6	12	-8	4	-7	17	-19	-3	-3	-7	15	20	-45	5	-28	1	15	-7	-4	-5	16	0	10	18	-14	-14	3
11	-11	-4	1	2	1	29	-12	-44	3	22	-25	-9	-8	24	6	5	4	6	-12	-6	-32	-4	-29	9	-18	3	1	30	-13	12	4	9	-25	14	14	-27	-23	9	-31	-5	5	14	4	24	-23	-4	11	15	5	-35	9	-6	1	-6	-5	9	-11	33	-28	-28	8	-12	-4	0	14	-9	-21	-1	-14	-9	-23	6	4	23	8	0	28	-10	-7	-3	23	-10	-21	-14	-18	-14	-16	6	-5	8	2	1	30	-21	22	15	11	3	-14	-2	8	-14	9	-12	-9	-26	9	-19	-24	16	-11	-26	-18	-5	-30	2	-6	17	17	9	-22	6	23	-48	7	5	-10
-10	17	11	-18	28	2	-7	-35	-5	14	26	-8	13	0	-11	11	9	-4	14	1	-24	1	-8	19	4	0	22	11	-6	-7	-6	-2	-31	32	5	-22	-18	4	5	-3	22	-26	7	-4	-16	4	-10	-6	15	-18	12	18	-28	-3	-35	-1	7	6	-22	-11	18	-22	12	12	-7	1	-27	-10	30	-38	-9	-9	6	-8	17	12	12	-4	6	-19	0	8	14	-12	37	-17	7	20	-9	5	4	15	23	-27	23	30	-8	-1	-16	0	-10	-20	-1	23	-28	4	24	21	-30	38	14	-14	13	22	-20	-1	25	31	-22	7	-24	11	18	-20	-10	6	-13	-21
-1	20	-6	-4	-1	-12	-18	11	18	29	9	-15	6	-8	24	10	3	33	0	-3	-3	3	-8	0	-26	9	-10	17	-21	-16	-4	-12	6	-9	-30	-16	13	13	1	-8	5	0	-3	-3	-22	6	-5	18	11	-16	8	-42	12	-12	9	19	16	-7	29	4	-13	29	29	-33	-9	-5	-6	36	-15	-27	14	2	-3	0	8	-8	-11	-2	8	-13	14	36	4	17	-7	-3	-5	13	5	10	15	5	-17	-20	12	-2	-9	13	-21	-4	-42	5	23	0	9	39	-5	-22	8	6	3	23	13	-20	-2	26	7	-17	-5	-4	10	21	5	-22	11	-29	-3	5
5	-15	-2	-9	-6	10	15	7	28	-13	-25	-11	-5	16	-13	-3	12	14	1	-10	8	-11	-24	6	3	-4	2	-34	31	2	18	6	-10	-27	-3	18	32	-23	-12	-23	-1	10	-21	19	7	6	8	-2	-5	9	-17	0	-2	3	8	20	-2	30	19	-35	29	28	-11	-11	13	-3	0	26	-42	11	-2	-23	14	31	-4	10	15	-5	-4	-2	12	-19	0	-4	-26	6	25	-23	20	16	-16	-26	7	6	16	-15	-2	-3	2	4	8	23	12	-22	6	-29	-42	28	-7	6	19	4	2	-21	16	-17	-23	6	-1	-13	12	26	-17	-7	-6	-25	7	13
-10	13	-23	25	-3	10	-37	3	3	7	-4	27	10	-12	-10	1	8	-13	-27	-23	16	-34	1	9	11	7	-12	-7	-3	-10	-20	-9	7	21	35	9	-26	-38	11	-31	30	-13	32	-11	22	-24	-10	-11	15	-8	-23	-13	-11	10	-22	0	-16	6	-32	0	15	5	-19	5	-1	-36	0	-38	2	26	-16	25	1	-11	-7	-2	13	-8	-26	20	-9	16	5	-7	-8	8	10	8	36	7	-9	24	-9	8	0	-32	21	-18	10	-16	7	-12	3	-28	9	-20	32	8	15	24	18	15	-33	7	-13	-25	16	-11	-25	22	25	2	-35	12	-40	6	6	18
25	-2	-4	-14	-12	-1	1	41	8	9	-2	-32	-1	-36	-6	20	0	-12	-11	16	-40	3	29	22	-4	-3	2	16	-9	0	14	-4	17	10	19	-12	-30	-4	-23	35	8	5	-1	-25	0	-6	11	21	-19	-16	5	8	28	-18	-25	5	18	17	-35	19	-2	-12	0	5	13	3	-1	-10	11	4	11	5	0	3	-17	34	-12	-3	18	6	23	18	-5	-10	-5	25	6	-5	-13	-19	16	-28	2	-8	-6	5	-18	4	-6	-12	-1	-9	-31	10	8	-16	21	-28	4	-15	3	-34	-24	13	-7	8	25	-21	4	42	-3	-22	11	0	15	31	21	-10
18	-24	0	-30	16	14	-10	-5	-18	-23	-3	-10	-34	2	-8	16	-9	18	6	12	-6	23	13	-1	-16	-11	-1	-9	-19	8	7	8	8	9	-21	-17	-7	5	29	50	-6	-6	3	-19	7	42	3	18	-8	-7	-2	-20	-10	-23	-14	18	39	-28	1	31	2	-5	1	-12	1	3	-7	25	10	15	-23	12	17	-28	32	8	-15	15	-21	24	-1	0	14	-28	29	16	-25	-5	-1	16	20	-31	-5	11	-13	17	20	-5	13	-4	-8	-22	3	34	-23	4	-9	-3	-1	6	-21	-14	20	17	7	-13	4	-18	28	-10	-16	-12	14	-13	0	-8	-9	12
8	-3	12	18	30	-27	3	-8	6	-14	-2	-4	-2	2	31	-23	19	-20	-10	-22	16	-22	-10	21	-18	8	-14	-15	20	21	12	2	18	0	-17	-6	-4	19	16	-10	8	16	-6	26	28	-22	6	-7	2	-4	-17	-4	-6	-25	29	20	2	-34	27	-8	1	-33	18	-10	-5	-15	-5	0	20	8	-6	8	-35	29	17	17	-21	-11	-10	14	7	-5	-11	4	14	0	5	43	7	37	-18	-9	-12	15	-1	17	1	-7	-10	-20	4	-9	27	-8	-6	12	-14	-11	24	3	-11	-7	-11	-7	-13	4	6	1	7	-12	-1	-8	-14	2	1	16	21	-25
2	-4	9	15	-24	18	11	-7	15	-1	13	8	-10	23	-26	33	-9	-5	-15	3	10	-8	39	-8	-11	13	4	-1	6	5	-26	10	18	-1	-15	-19	21	11	7	8	-15	-5	-12	24	-17	0	21	-13	-27	-12	2	20	-8	11	11	-21	-7	12	15	-28	-18	3	-14	1	0	6	4	-1	7	-28	-10	-15	-2	11	-20	-36	7	-14	2	12	-24	2	8	23	14	-12	30	-12	26	-1	-19	-7	-7	17	-2	-13	-13	16	-13	-7	-6	15	5	-4	-18	-7	-23	15	8	-11	-10	3	-3	-8	-12	-17	-12	-8	5	-13	16	-10	6	8	15	2	-23	-12
-2	4	-9	-6	9	7	-53	10	-25	15	-3	-26	26	-14	-6	-10	-14	-1	14	-2	-2	9	1	-10	-3	23	22	8	3	9	-9	-2	-13	-10	-18	5	-1	0	7	-6	6	6	9	-4	1	42	9	-14	-12	8	-10	-10	-8	10	-8	45	-16	21	2	-5	12	1	-12	13	15	-18	26	-2	7	-18	6	10	-24	-20	-8	10	17	-12	-2	-6	7	24	-23	19	-21	-1	0	-11	1	-4	6	-18	7	-9	2	10	-4	21	-5	9	3	12	-25	12	-13	-6	18	14	1	-28	11	5	-19	2	-22	-27	17	-8	-21	6	-3	-11	11	-12	-20	-43	-1	1
15	-2	-8	4	-3	-21	-8	20	-9	10	-9	-20	-8	-3	20	-9	14	-9	2	-4	8	5	14	0	31	-8	33	-15	15	5	-9	3	-3	-22	1	10	-9	-4	-20	16	-7	-9	-14	-7	3	1	-40	6	19	-40	19	2	6	-15	16	11	-16	4	-10	-3	-13	14	-18	4	-20	21	-5	-27	10	6	21	-10	8	2	7	11	-14	-9	16	22	34	-9	-1	-29	-13	8	-9	25	6	-8	-17	-19	-19	2	3	-1	-10	14	-11	-3	-4	-20	0	-19	-7	-10	-5	-17	-2	14	21	-11	-15	0	11	-7	12	-32	21	-6	-9	3	-31	-8	-28	10	-10	19
-10	-6	-41	20	-27	-5	5	14	8	-7	-36	12	-10	23	-6	-13	1	10	9	6	-5	1	-26	32	-1	13	-11	-15	8	-34	3	-8	-11	1	-1	3	19	-12	31	-5	-18	15	9	10	-3	14	-1	7	-13	8	13	10	-23	8	7	-14	16	-2	-5	-17	-21	-6	-33	0	5	-5	-5	-6	-5	11	-18	10	-8	7	7	18	-11	18	14	6	-16	-10	-31	-1	-11	-13	11	-16	9	-11	10	5	7	19	-28	26	12	0	2	-13	6	13	-7	-16	11	-19	-22	11	-21	14	-20	-33	-5	28	-18	14	0	-3	31	-4	22	-26	-8	2	12	8	-6	-15
9	-37	-2	15	-30	18	11	4	-35	-9	10	1	5	-25	-6	17	3	3	13	-39	-14	-11	22	8	-12	-16	-10	28	-13	14	-18	-6	-5	12	-22	11	-33	27	8	0	-2	14	13	-18	6	11	10	-14	10	-18	-12	-36	-19	23	-6	4	-1	-18	-11	-14	4	-25	20	21	-6	5	-28	0	2	8	4	-10	-21	-2	30	5	11	7	-24	-17	-4	-9	-17	2	-1	20	-2	-1	-6	11	-11	-9	5	-30	9	20	-21	19	-6	15	28	-22	9	28	-34	-9	5	19	1	-3	3	4	52	2	-4	11	-4	-3	13	9	1	-2	15	12	-16	-28	11	6
-7	-2	32	-11	3	24	4	-29	-5	4	0	-12	-16	2	1	-24	-8	-12	-25	-19	9	29	-5	-16	-22	-5	0	-2	-19	-10	12	-20	1	-15	26	-35	15	-6	-3	-1	-3	3	-47	12	15	21	-4	20	-7	-1	-2	-1	-1	-9	17	-28	3	-12	16	8	-14	6	3	-7	8	-19	-10	-3	-4	1	-44	-1	-17	16	12	8	-12	-3	-2	10	2	-25	-4	1	-7	24	0	-3	4	-29	0	14	-22	27	-18	19	-1	32	-10	-4	3	-23	24	-13	-15	25	14	13	-27	21	-1	21	4	-15	-20	-7	-6	33	0	17	-15	5	14	5	-3	14	4	-2
-26	-4	-16	-32	10	6	-24	12	19	-3	10	19	0	-1	-15	-3	24	-27	8	12	38	10	-17	3	12	-3	11	-6	-22	15	12	-7	-16	15	-22	-12	8	-6	-1	-6	2	-16	1	10	15	-13	-26	-6	-6	18	0	-11	14	5	-17	-1	16	4	-10	3	-3	0	-27	20	-32	11	-1	-4	7	-34	4	4	11	17	-24	13	-2	-13	-23	7	-21	-11	2	-33	6	9	-15	1	-38	36	-1	-25	7	-20	28	-13	16	-4	-27	5	-12	0	-7	3	3	28	-8	-21	2	5	-20	-15	2	-23	16	-31	28	-6	-6	-19	2	-4	9	3	9	14	-25	11
3	-22	-15	1	13	-12	19	4	7	-8	0	-19	-14	-19	-1	-5	-8	8	-20	18	-27	-17	-13	20	-24	6	-7	-16	16	22	-18	-25	11	15	-14	15	-3	8	-10	0	-26	2	16	2	3	-14	-6	-3	11	-16	-41	0	-4	2	7	30	-7	-21	12	-3	-18	-16	26	-15	31	-9	14	3	-8	22	-4	-13	-11	-15	5	21	-8	2	7	-1	-2	9	-18	-4	-1	10	-18	-14	2	20	-6	-4	26	-10	13	-41	19	6	-14	30	-21	22	-11	10	22	-5	24	-12	-10	-18	6	13	-3	7	10	11	5	-9	-28	26	2	27	5	1	18	-33	13	22
-6	1	17	19	3	15	-11	10	-10	24	-16	-4	-15	-5	-1	-13	-4	-17	2	11	-4	4	5	2	-5	-27	-9	9	7	-17	-18	-19	-5	-15	13	8	12	-16	19	-31	-1	9	8	-17	-12	-44	-4	-1	-36	-7	16	-22	13	-8	4	-21	-31	15	8	-29	6	-17	5	-11	16	4	2	-4	14	-10	5	-11	6	5	39	-27	-4	8	-12	-3	0	-20	-24	-15	33	2	-9	16	28	-6	-13	22	7	-10	-43	22	42	-14	3	-13	-11	-5	0	13	-19	24	-4	-16	3	8	14	19	-16	25	-4	12	35	-37	13	18	-8	0	1	20	-20	-29	29	-29
4	25	17	-4	-22	11	3	2	23	0	14	10	-15	21	-1	17	-22	3	10	-6	1	-15	27	-16	8	-19	25	19	-8	0	-13	11	-27	34	19	-20	-21	-9	7	-11	30	18	-6	0	-7	28	-16	-20	21	-9	-22	1	32	-18	3	6	21	2	-32	12	4	-13	44	7	3	-23	-1	-6	-16	-2	-3	-15	12	43	-36	2	22	10	-19	10	-8	-16	17	19	2	14	1	17	3	7	18	17	-18	-24	13	55	-10	-30	0	-5	-23	-9	-6	0	24	6	-11	1	-7	1	-29	3	5	18	-2	16	-3	-8	23	-9	5	27	18	-18	-44	24	0	-16
20	14	-16	-10	6	-14	29	-13	-12	-17	21	-28	15	-1	12	-5	-2	16	16	-19	3	-6	8	-28	1	6	6	1	15	-23	-1	7	2	10	-34	-16	6	20	8	25	22	-13	-15	13	9	-7	-22	-5	-7	-26	21	14	2	-13	6	5	-39	8	18	12	-14	6	-25	7	-19	-3	-4	-7	-8	18	-12	23	39	-7	-28	40	29	-8	11	2	2	14	40	1	5	32	-10	-15	-3	16	-30	-11	-18	8	44	-10	-27	-24	1	-17	-11	-7	-3	3	22	-6	14	-15	-1	10	12	-13	5	-2	-12	20	-1	25	1	41	-11	-9	-10	-28	26	4	-7	7
15	-1	-1	9	24	3	-14	-24	-4	13	-35	-1	-11	-18	-8	-29	38	-7	14	-19	-1	-12	-7	-21	-4	12	16	11	9	5	11	-11	3	-21	15	6	6	5	-3	7	3	-17	20	-6	-7	-29	9	-20	-16	30	5	-3	-8	-6	6	-8	-9	12	1	-35	-21	-5	8	-21	4	-17	17	-32	18	-16	19	22	4	-9	37	7	9	-9	-6	1	-8	33	-18	1	9	-35	-21	18	13	-18	0	37	7	44	-16	-31	-1	27	-15	-1	-8	-12	29	8	-17	1	-23	0	9	5	1	-13	28	-15	-4	11	-21	-11	28	-14	-27	-20	-19	4	14	-23	-4	15
-2	-38	15	1	-12	3	-34	19	38	12	-30	12	-9	9	-11	38	-24	1	-24	23	-15	-1	25	5	2	29	-7	20	-9	-4	-5	5	-3	16	3	-25	15	-25	2	15	-29	13	-8	7	-32	9	-11	-17	24	9	-22	7	-4	-3	9	8	17	-24	8	-19	13	18	-13	-2	-5	10	-2	-13	34	15	13	18	-6	-20	3	-4	10	-14	5	20	-2	2	-9	7	6	-18	13	-2	-38	-11	3	-4	37	-16	-22	-6	13	5	-22	-15	-25	-3	22	6	-13	2	6	22	10	-6	-10	35	0	-10	13	-7	-5	0	-11	-37	8	23	13	40	-25	-13	13	-24
-21	-8	1	3	-26	-16	-10	13	-2	-15	0	-1	13	15	4	-13	-5	8	-25	-13	-13	33	12	8	-12	2	-22	-14	5	-31	31	-17	-8	-10	-24	35	-7	1	9	-7	-36	24	-12	-12	20	-3	1	3	6	-15	-24	-2	-13	7	8	13	-2	-17	5	-29	16	-10	-26	9	-3	2	6	19	2	16	10	19	-29	3	12	17	-11	-18	25	-14	9	-29	5	-29	7	0	-11	17	-14	8	-7	29	9	-30	8	9	11	-13	2	-9	-3	7	-10	-1	-10	19	-4	-20	-17	-23	-8	5	-13	1	-26	-3	13	9	-17	10	5	23	29	-6	-15	38	-4	14
3	-2	8	-15	9	-5	3	-3	-10	-15	13	-3	19	-17	11	12	18	3	5	-17	20	12	-16	-14	20	-29	-6	20	-28	14	-31	6	9	11	35	-7	-5	-21	-1	-38	16	-12	18	-13	19	-25	0	-1	-20	-3	7	13	16	25	-11	-7	-37	3	-19	25	21	-6	17	2	-3	0	-22	-2	3	2	11	-33	-17	33	-11	11	4	31	3	-31	9	-16	-1	-1	1	9	2	6	-11	-3	20	4	-12	-28	0	15	1	23	-2	4	0	-11	8	12	-9	-12	-28	-15	11	-22	25	1	24	-32	6	0	-1	3	-19	13	13	8	-10	-37	13	15	6	1
3	-22	25	-10	-22	-11	-14	3	-7	26	-8	30	1	-8	26	-11	-6	7	6	22	17	-10	14	10	-10	-14	9	34	-14	22	-19	27	0	-23	18	-5	-27	6	-14	-3	7	-2	0	-19	-13	6	-7	9	9	21	9	-7	9	-9	-7	-29	2	-12	19	19	-16	5	-23	0	-12	16	-7	24	17	-3	5	-22	22	-2	5	-3	36	1	-16	-10	10	-27	14	44	-6	1	-15	-30	-14	9	2	6	-23	15	-18	28	13	-2	14	-13	2	-16	24	15	-21	3	1	-13	0	14	28	-4	-19	-14	-4	13	-10	-17	2	22	-7	-17	-12	13	21	8	-12	-6
11	7	21	-18	14	-23	-1	4	12	-5	11	0	-9	-5	5	-2	17	1	-19	21	-32	16	17	-1	-1	4	18	-12	2	-22	14	-15	-5	24	35	-12	9	-6	14	15	31	10	-14	9	-9	44	-10	6	-10	8	0	-11	-9	12	-14	-11	-11	15	11	-18	-10	-27	0	17	22	18	0	12	-4	-3	-4	-18	23	-1	0	7	-29	-24	8	24	-31	1	21	-7	-15	-43	7	-18	25	5	9	-17	-6	-2	-1	31	-2	2	-20	-17	-16	28	20	-23	-4	-1	7	-7	10	36	-18	10	-3	-2	0	15	-39	-5	10	-12	-3	-10	20	-9	17	5	-2	-6
11	3	-19	6	-14	-4	-2	13	-14	-16	-3	-31	-13	27	-30	1	-1	-19	10	-4	8	7	-5	8	-15	4	-10	-4	-15	23	-13	4	7	20	-28	-4	0	7	15	-1	11	1	12	13	22	-7	4	-38	0	9	-21	27	14	-1	19	-13	-7	20	-22	0	-16	18	-3	-2	2	-7	19	-5	6	1	-45	23	-32	0	17	3	-13	5	1	-29	-15	17	-11	-2	-13	2	18	7	11	-15	-11	14	-25	-5	-2	-22	-4	0	-27	2	-17	21	-2	8	-8	-18	2	3	1	13	-20	7	0	-20	9	-5	0	-17	-6	-2	-8	8	1	7	21	-38	-2	-6
-4	2	9	-23	6	22	-17	18	-42	38	-19	-15	20	-21	-4	-10	-3	-5	14	-11	8	-3	29	-3	-8	-12	34	3	30	-5	-4	25	-14	7	0	23	-22	14	-4	27	3	13	7	16	-27	9	-21	-13	21	11	-10	7	-3	-5	3	-18	24	-5	-28	-13	-18	-6	-8	2	3	25	-25	-14	-17	-46	5	-6	-33	20	7	-29	-20	9	-20	-20	-2	-12	4	-11	-11	-11	-13	-7	-1	-31	17	7	-12	-7	-4	-1	20	-35	-17	-8	23	-13	-4	-5	-12	13	-21	22	19	-4	3	20	-9	-36	19	-31	-2	29	8	15	-9	-8	19	0	-39	21	4	19
18	8	-20	36	-4	-10	6	-1	21	25	-29	5	-26	-15	-4	5	-8	-24	16	-20	-6	8	-1	-8	-6	13	-1	3	-7	-13	31	-4	4	-16	6	-29	-4	-19	30	-3	1	7	20	-19	-3	7	-9	17	25	7	-9	-26	20	-17	-19	34	-11	-8	-6	2	-14	21	-4	22	-6	7	-22	6	-2	-6	9	6	23	7	-27	-31	9	2	-8	-3	12	-13	-10	2	3	12	-11	8	-26	36	9	2	-23	-18	10	31	-32	-5	-21	12	19	-22	22	-20	15	-3	-2	21	6	-25	5	-9	-21	33	1	-9	19	-8	11	-26	4	6	-5	-24	6	10	-18	-17
29	-27	12	12	3	17	2	33	26	-23	-18	1	10	-17	-16	7	-23	34	0	18	22	3	7	19	-15	26	-11	0	-3	-3	1	5	-1	-15	7	-17	12	-3	20	-18	-18	29	0	-29	1	7	-2	23	-17	-19	-24	14	3	-9	32	-37	-1	-5	-13	-2	20	-12	15	-20	36	-23	7	-10	-23	3	4	-15	-1	-4	8	1	0	-5	1	17	5	11	6	-10	7	-3	-18	-12	20	36	-9	4	-23	7	29	-17	-7	-9	18	3	-18	27	11	14	10	11	20	-13	-2	-9	22	-21	13	-9	-23	18	-9	-16	4	-13	-5	26	-9	-5	24	-19	-13	24
2	15	8	14	11	7	14	-11	-21	-26	3	1	-10	-4	-15	22	0	27	-14	14	-20	-2	8	-13	20	-2	15	-5	-2	-19	6	-42	5	12	-10	-8	0	50	-31	-12	28	-4	-17	-50	30	16	6	-20	-12	-20	-3	8	-27	23	-28	-11	28	-35	-8	23	12	2	-7	22	-31	-25	10	-23	-4	10	2	-9	3	-7	-16	-29	16	-23	-3	12	10	0	4	5	14	-41	21	13	40	2	-16	-12	13	29	11	4	-9	18	-14	-13	4	8	2	-3	-18	2	-25	15	-2	44	-16	3	-4	-24	9	-6	-14	8	19	-24	5	7	-32	25	-13	8	31	8
-25	12	-5	-13	-36	11	-13	-15	1	-1	6	0	2	5	-2	-18	-6	-6	6	4	3	7	2	-8	20	-35	18	-4	-12	23	-7	2	13	4	-11	4	34	-27	-26	-2	3	-2	-19	12	27	-24	-38	-5	1	-7	-7	-2	12	-25	4	28	-13	3	-5	40	-24	4	-8	-14	-6	23	10	5	3	-6	-17	-8	-16	-13	-3	22	12	17	28	10	0	-10	-3	23	-29	0	15	-17	-15	-15	-6	-10	26	18	-20	-15	-12	-24	-12	6	-9	1	10	-26	5	24	2	-9	8	-23	-36	3	-19	-18	27	5	1	14	-29	0	8	-32	12	9	-14	9	5	3
-13	5	-7	-21	-14	15	-7	17	-7	-10	-8	10	4	-37	2	-6	11	10	-12	8	-7	6	-4	28	-3	4	19	-32	0	1	18	20	-14	18	-25	33	-25	-10	-12	0	12	-19	-2	4	-11	-9	-11	15	24	-4	2	13	-24	-4	5	-22	-5	-17	31	10	-29	19	-21	0	9	8	-32	11	-26	13	1	-3	21	-10	18	-13	14	8	-1	-3	-15	-29	24	-5	-26	22	-34	-6	-15	-2	-16	-9	24	3	-12	20	-25	4	-6	5	10	23	-15	-5	35	8	-16	9	1	-15	37	-7	-4	21	31	-19	-5	-22	-17	-6	-25	-11	-6	-10	-10	10	27	-11
29	-1	-16	-5	12	-2	10	-14	0	9	10	-4	-19	-4	4	6	-6	30	-19	16	-9	-28	46	-31	12	-1	-19	15	8	30	-2	-14	17	-30	35	-6	14	-20	-7	16	-21	-20	-1	-14	0	-10	2	20	-23	12	-11	-26	6	16	-10	-5	3	13	23	-15	-6	9	7	28	-4	-31	7	-15	19	-1	5	5	0	-12	-4	-11	-2	-18	13	6	-26	11	12	-33	28	-26	-15	8	-12	-12	-10	24	15	-29	3	-34	-11	-9	-18	28	5	14	-11	34	13	-33	2	13	3	1	8	-16	33	21	-22	-9	-15	5	-19	-7	-4	13	26	-1	10	26	4	-29
21	-35	3	-7	24	-16	18	-22	1	12	3	-19	6	1	-1	1	17	-22	4	16	-37	33	-4	-7	-3	-7	5	10	15	-24	1	4	-12	0	30	-28	2	-14	18	-18	-1	4	2	10	-27	21	10	-15	10	-17	2	-10	28	-20	-13	30	-8	13	-21	6	1	2	8	-12	-20	11	2	14	-10	9	-11	8	-18	-3	-5	19	-11	10	-5	-8	0	8	-7	3	5	-27	14	2	-9	-5	19	12	-13	-1	-13	-15	14	-8	33	-8	-13	18	-11	18	-33	8	4	7	-10	3	-10	15	8	-23	-4	6	-12	1	-2	4	12	0	2	3	4	5	-29	10
